500
8032 7430 6409 4554 6063 2160 4019 3316 6808 6140 2365 7422 1055 
7430 8166 6413 2365 3536 2929 2002 3902 8470 6808 1881 3101 1534 1535 
8032 7617 7430 5639 2160 6698 2365 3536 2002 5523 3316 4662 3770 2205 1535 
7430 6409 4554 6706 2365 3536 2002 3902 8470 6930 6698 7422 
7074 5686 7430 9031 5227 7470 6063 3536 8470 1534 4662 6140 3101 7422 
8032 4738 8166 6409 6698 3536 6706 4918 6140 7422 1535 
2672 9122 7430 9031 6409 2160 2002 6328 3770 2365 7422 1055 
2160 7430 9031 6698 3536 8202 4019 6328 2672 6140 2365 7422 
7617 9031 2057 4554 5639 3101 2160 3316 2365 3478 6409 2672 4298 7422 1055 
4738 5155 9031 6698 6413 6063 3536 4019 3478 4554 7422 9122 
2672 7430 6698 6413 2160 113 6706 4019 4662 1535 2365 7422 1055 
7617 9122 5155 8166 9031 6698 5639 2365 3536 3316 1534 6808 8219 3101 3646 1055 
3026 7617 9421 9031 3816 6698 6413 2365 3536 2002 4019 3770 3101 
8166 4554 2365 6706 3316 5686 6328 6698 3646 1055 
2208 3650 5155 5639 3816 6698 9031 9421 6063 2929 4019 3902 1881 7422 1535 
4019 9031 4554 5639 605 3536 2205 2365 4662 3770 6140 3101 7422 
2160 5155 9031 6409 6698 2365 3536 113 1534 8470 8112 2672 3101 3646 1055 
7617 8166 6409 6698 3026 3536 2002 3316 2672 3770 4554 1535 
4554 5155 6409 6698 6063 2672 4019 3478 3770 3101 7422 1055 
7617 3478 7430 5639 4554 5227 6706 2002 4662 7422 1055 
7617 8470 5155 5686 8166 6409 3536 3026 4019 4662 6808 2365 1534 
5155 5639 6409 6698 5227 113 6706 3316 7422 8470 1881 3770 2365 3646 
7617 9346 7430 6698 2002 2365 113 3026 2900 1534 1535 3101 7422 1055 
7617 9122 8166 9031 4298 5639 2365 113 6706 3316 6698 7422 1055 
8032 5155 3012 5639 6409 4554 9421 9245 113 2002 5523 3316 6808 1881 8202 2929 
5155 8202 6409 4298 2205 6706 4019 6808 3770 4554 7422 
3011 6409 7660 6413 3101 2672 2351 2365 6808 1534 5247 2205 7422 1055 
8112 5155 6804 5639 9031 2672 2002 3316 1534 6808 1881 3770 6140 3101 7422 
2672 7430 8166 9031 6409 6698 6413 3101 3536 2002 2365 4554 1535 
8032 3650 3026 7430 9031 6409 4554 6413 6706 5787 6698 7422 
2672 5155 7430 9031 6698 6063 3536 2900 3478 1881 6140 4298 1055 
2672 5155 5639 3816 4554 6413 5646 605 2160 2002 5523 2365 3101 3646 
4918 9031 6409 6698 5639 2002 6706 5523 3316 3478 3770 2365 7422 1055 
7074 7430 5639 2365 6413 9198 141 2672 7422 5787 3101 3646 1055 
2160 4738 5155 6413 5646 2365 3536 7470 6808 2672 3101 7422 
5216 7617 5155 8166 5639 6409 6698 141 2365 2929 6706 3902 1534 6808 1881 8506 3101 7422 
4289 5155 3012 9031 6698 683 7660 9198 6063 2672 4305 2002 3902 6804 1534 8470 6808 7422 
5155 7430 6409 6698 2002 2672 3026 4019 3770 3101 7422 1055 
5155 7430 4554 2365 8219 6706 3316 1534 1881 6808 2900 6063 6698 7422 1055 
3026 4738 7430 8166 9031 6698 6413 2365 2002 3316 7422 3101 3646 
2160 8166 6409 6698 6413 2365 3536 3478 6328 6140 4554 
5155 3816 6409 6698 5227 2672 4019 3316 7422 3478 6808 3646 
4738 5155 5639 4298 2672 2002 5523 4019 3478 2365 7422 1781 
2208 48 4298 5227 3101 2672 1534 1881 2365 7422 1055 
7617 8166 6409 4298 2365 2160 6706 3316 2672 6698 7422 1055 
8032 7430 9031 6698 2365 3101 3536 3026 5523 7422 4554 605 
4738 7430 9031 9245 6413 2365 3536 2900 1534 8470 6808 1881 6063 3101 7422 
2208 7430 8166 9031 6698 605 2205 113 3026 3316 4554 7422 
8032 2672 5155 9031 4298 6413 3536 6706 6808 2365 7422 1055 
4554 8166 9031 6409 6698 5639 3101 3536 3316 7422 5686 4298 605 1055 
7074 7430 8166 9031 6409 6698 6413 605 3316 2365 4554 7422 1535 
2208 4738 8166 5639 6409 4554 9031 6413 2672 8021 5686 1535 
5216 4738 5155 4918 7430 6698 6706 113 2002 3316 8021 4662 2365 1535 
5155 8470 8166 5639 6698 9245 6804 3316 1781 214 1534 3770 6140 3101 7422 1055 
5216 7617 5639 6409 5227 605 3536 6706 3770 1535 6140 3101 7422 1055 
7074 5155 7430 6698 9421 2365 3316 4662 6808 3770 6063 4554 7422 
7617 3902 3012 8166 9031 2672 2929 2900 1534 6808 3770 1055 3101 7422 1535 
2672 740 5639 3816 6413 6063 3536 4019 2900 8470 6808 2365 7422 
2160 6242 6698 5227 3650 6413 3536 2672 3770 7422 1055 
6804 3011 5639 6698 7660 6413 2351 3026 3316 1534 1881 2900 605 7422 5247 
5216 2208 7074 5155 4554 7430 3816 6698 2365 6328 3101 1534 1055 
2672 8166 9031 6409 6698 3101 3536 3026 3770 4554 1055 
8112 5155 9028 9031 3816 6409 6698 2672 2002 3902 8021 8470 6808 1534 2365 7422 1535 
2208 7074 8166 5639 6698 3101 2160 8202 2205 7422 6063 4298 605 
2208 9825 5155 2929 6409 6698 6413 605 8112 6808 2900 6328 1881 6063 2365 7422 
8032 7617 9031 4554 9198 2365 3536 3316 5686 2672 3101 1055 
8470 7430 9031 4554 3101 3536 6706 2365 4918 1534 6140 6698 7422 
4545 5155 740 7430 9031 6409 6698 9421 6808 1534 8470 6328 1881 2365 7422 2929 
2208 2160 3012 5639 6413 6063 3536 6808 3026 3316 6328 2672 2365 7422 1535 
2672 3011 9825 2365 3536 2002 5523 1781 8470 6808 1881 6063 3101 7422 1055 
2208 7617 3902 8166 5639 9031 7470 2672 1781 6808 2365 7422 
4554 2208 5155 7430 4298 3101 2205 3316 2365 4662 6063 6698 7422 1055 
5155 8470 9031 6409 6698 5639 3101 2160 2002 4019 3316 3902 4662 6808 1881 6140 4298 7422 
5216 9825 5155 6518 3273 4554 6063 8369 2643 3316 8470 6808 1881 3338 2365 7422 
9825 9346 5155 7430 6409 6698 2365 3536 2929 2002 1881 4298 1534 
2208 2672 6409 6698 3536 3026 4019 3770 2205 7422 1055 
5155 7430 8166 3816 4554 2365 4234 6808 3770 6063 3101 7422 1535 
7617 4554 2365 6413 605 2205 6706 3316 7422 8021 6698 3646 1055 
5216 8166 9031 6698 6413 2365 113 8470 1881 6328 6808 6063 4554 7422 2929 
7617 7430 8166 9031 4298 6413 9198 2160 2672 3101 7422 1055 
2672 7430 9031 6409 6698 5639 6413 3101 3536 2365 6328 4298 7422 1055 
2160 8112 8166 9031 6698 5639 6063 3536 4019 1534 8470 6808 2672 3101 7422 1055 
2160 6063 7430 2057 6698 6413 3101 3536 2205 3316 6409 5787 4554 7422 1055 
8112 7430 6409 2002 3536 6706 4019 3316 8470 6808 3770 1534 1055 
3026 5216 9031 4554 6413 3101 3536 6706 3316 4662 2672 6698 7422 1055 
3011 8420 6409 6698 2002 5646 6413 3026 4019 2900 2365 1881 3101 
2672 3902 9245 3101 2160 6804 1534 8470 6808 1881 2365 7422 1055 
5216 2672 7430 3816 2365 3536 6706 3316 6808 3101 7422 1535 
5155 9028 8166 9031 6409 6698 6063 2672 4019 3316 1534 1881 6808 2900 3132 7422 
2160 4554 6413 2365 3536 6706 4019 3316 2672 3770 6698 
7074 7430 9031 6409 6413 113 3026 4019 2900 6808 1881 7422 1055 
2672 7430 6409 6698 6413 2365 3536 4019 2900 1534 8470 6808 1881 6063 3101 7422 1055 
8032 7430 9031 6409 4554 5639 6381 2365 2672 5523 3316 1535 3101 7422 1055 
7617 6409 6698 605 3536 8202 2365 4918 4554 7422 1055 
8032 7617 7430 8166 9031 6698 6413 2205 2002 6381 2365 4662 3101 7422 
2160 8202 7430 4554 6413 3101 3536 2002 3316 6808 6140 4298 1534 1055 
3478 5639 6698 141 3536 3026 4019 1781 4662 8202 7422 1055 
5216 2160 5639 6409 6698 2208 2365 3536 2002 4019 3316 2672 2205 7422 1055 
7617 7430 2160 6698 3536 3026 4918 2672 2365 7422 
5155 6409 4554 3101 141 6413 8112 113 3902 3316 1534 6808 1881 6063 9822 6698 7422 
3011 7430 8166 5639 6698 9031 6413 7470 5523 3902 4662 1881 7422 
5216 7430 8166 9031 6409 6698 5639 2672 3026 5523 5686 4554 7422 
8032 7074 5155 6698 3101 3536 4019 3316 2365 6328 6063 4298 1535 
5155 5639 6698 9245 6413 9198 2365 3536 2929 9421 3316 214 7416 6808 2900 3101 7422 
2208 7617 9031 4554 5639 6413 2365 3536 2929 3026 1881 3101 4545 
2208 7617 3902 8166 5639 3816 6698 2365 4019 1534 3101 7422 1055 
2160 7430 8166 9031 6409 6698 2205 3536 113 2002 3316 6808 4554 1534 
8032 6242 7430 9031 6409 4554 6413 2160 2002 4019 2365 1055 
2672 7430 6409 4554 2365 3536 6706 1781 4662 6698 7422 
8032 7617 9031 6409 6698 9198 2365 3536 2160 8202 3316 8021 2672 3101 7422 
577 3273 6698 6063 2672 8369 2900 1534 4662 9609 1881 3770 7422 5247 
2672 8166 9031 6409 4554 6413 2365 3536 3770 4298 7422 
5155 7430 5639 6698 6413 2365 3316 6328 1881 3770 3101 3902 1055 
2672 5155 7430 9825 6409 6698 6413 6063 3536 113 2900 6804 2365 7422 1535 
7074 6698 7430 5639 6409 4554 6706 3101 2160 2002 4298 1055 
6881 6292 2130 9492 5639 6409 6698 9245 6413 6063 5808 2002 3316 1881 3338 732 2365 1534 
2672 9031 6698 5646 3101 3536 4019 2900 6328 1881 2205 1534 1055 
9122 5155 6698 9346 7470 2160 1534 5686 1881 4298 7422 
3012 7430 8202 6381 3101 113 4019 1534 6808 8219 2365 7422 1055 
7430 8166 1055 6413 2365 6328 3770 5787 3101 7422 1535 
7617 5155 2002 9198 6413 2672 113 6706 3902 1534 6808 3770 6063 2365 7422 
7430 8166 9031 6409 4554 3536 3026 3478 2365 
3026 7617 7430 6409 4554 6413 3536 6706 3101 7422 1055 
4554 2208 5155 8470 8166 9031 6698 5686 6808 3770 3101 3902 
4738 7430 5639 4554 6413 3101 2160 6706 3316 6063 6698 3646 1055 
5216 5155 7430 9031 3816 6409 6698 2365 2672 6808 4019 4298 6063 3101 7422 1535 
5216 2672 5155 740 8166 9031 6409 6698 6413 9198 3536 1534 6328 3101 7422 1055 
7617 9122 7430 8166 9031 6409 6698 141 3536 5686 6140 3101 7422 1055 
4554 4738 4298 9122 3101 2672 3316 7422 6698 3646 1055 
5155 6409 4554 2365 2672 6706 4662 6328 3770 5787 3101 
4554 7617 9031 4298 5639 3101 2160 2002 3316 2365 4662 3770 6698 7422 1055 
9122 5155 7430 9031 6698 5639 6413 2365 2672 113 2002 8470 6808 6063 4298 7422 
4545 5639 6698 9031 6381 2365 2929 2130 3316 9825 6808 1881 1535 3101 7422 1055 
2160 5155 5639 6409 4554 6413 2205 3536 113 2900 2365 1881 2672 3101 7422 
8166 3816 6698 6381 3101 2672 2365 4662 6808 3770 6063 4554 1534 1535 
8202 7430 8166 6409 4554 2002 6413 2205 6706 3316 2365 6698 7422 
5216 7617 6063 7430 9031 6698 5639 605 2160 113 2365 2929 6808 1881 1535 3101 7422 1055 
6242 8219 6063 7430 5639 6409 6698 2365 3536 2002 3316 1535 4298 7422 1055 
2160 7430 8166 3536 5523 4019 4662 2672 2365 1055 
7617 9346 5155 9031 6409 6698 7470 2365 2160 1534 1881 6063 4554 7422 1535 
7430 6409 6698 6413 3101 3536 113 4019 3316 7422 8470 6808 1534 6140 4554 605 
7617 5639 4554 2160 7422 3478 3770 2365 3646 1055 
5216 7617 6409 6698 6413 3101 3536 2002 2365 2672 3770 6063 4554 7422 
6242 5155 9031 6409 6698 605 2672 113 3026 2365 3770 3101 7422 
8032 7617 4738 8166 5639 6409 4554 2365 2160 3316 4298 1535 
8166 6409 6698 9245 6063 3536 2929 6706 6808 1881 2365 7422 1055 
7617 7074 5155 8166 5639 6409 4554 6413 9421 3316 7422 6808 1534 3101 3646 
4545 9031 6698 7470 6063 8112 2929 1534 4918 6808 1881 4554 7422 
8112 9122 5155 7430 9031 6409 6698 6413 6063 2672 2002 8021 6808 3770 3101 
2672 8202 7430 8166 5639 6698 2365 3536 2002 3101 7422 1055 
2160 7430 5639 6409 4298 6413 2205 3536 3316 2365 5686 3101 1055 
4019 7074 6409 4554 605 2672 5523 2365 4298 3101 1055 
5155 7430 8166 5639 6698 9031 9198 2365 2672 3478 6063 6140 3101 7422 
4554 2208 3011 7430 6409 6698 6381 2160 6808 1881 3101 1534 1055 
2672 9028 3816 3536 113 4019 3316 1534 4918 6808 3101 7422 1535 
4554 2672 8166 5639 6698 9031 2205 3536 4545 2365 1534 3101 7422 
2208 7617 3650 9031 4554 5639 6413 3536 3026 3316 2365 7074 
7617 9028 8470 7430 4554 6413 3536 5523 1534 4234 6808 1881 2365 7422 1535 
48 4738 9031 6409 6698 6413 3101 3536 5523 2900 1534 1881 4554 7422 1535 
4545 3902 9031 3816 4298 7470 2672 6706 9822 6808 2365 1534 
3650 5155 9031 4554 605 2672 6808 6706 3316 2365 6328 6063 6698 7422 
3026 7617 3650 6409 4554 6242 3536 6706 3316 4298 6698 
2672 5155 7430 9031 6409 6698 9421 2365 3536 113 3316 1534 6808 4554 7422 
7430 5639 6698 3536 3026 3478 3770 4554 7422 1055 
4554 2160 7074 8166 9031 6409 6698 5639 3101 3536 2002 3316 4298 605 
7617 8202 7430 9031 2160 4298 5639 3536 2002 2365 7422 1055 
8032 5216 9346 7430 6063 3536 113 2002 5523 2672 3902 
5216 48 8166 3816 6698 7470 2365 3536 1534 8470 6808 3101 7422 1055 
3026 2672 5639 4554 6413 3101 3536 6706 2205 3316 2365 8470 6808 6063 6698 1534 1535 
5686 7430 9031 4554 5639 2365 3536 6706 4662 3101 7422 1055 
2672 5155 3012 7430 9031 4554 4110 2205 3536 2002 2365 6808 1534 3101 7422 
2208 7074 5155 8166 9031 6698 6706 6063 3026 4019 3316 8021 2365 
6242 7430 8166 6409 6698 2365 2672 6706 605 7422 1055 
4738 7430 9031 6698 5639 6706 2160 3026 4019 2365 3646 
2672 3650 7430 9031 6409 4298 2365 3536 2002 7422 6698 3646 
5155 740 8470 7430 6698 5646 4019 1781 4662 1881 6808 1534 2365 7422 
7074 5155 5639 6698 3536 2929 3316 1534 3478 6808 1881 3770 7422 1055 
5216 7617 3902 9031 6698 6413 3536 6706 1781 8470 1881 6808 1534 2205 7422 
7430 2057 6698 2365 5646 2205 4019 3316 7422 3770 3101 3646 1781 
7617 5155 7430 8166 9031 6409 4554 6063 2002 6808 4545 2365 7422 1535 
4554 2672 7074 6698 6413 2365 3536 2002 4662 4298 7422 1055 
2672 4738 5155 7430 5639 6409 4298 9198 3536 2365 7422 
7617 5155 3012 6698 5227 6413 9198 2365 2672 3316 1534 6808 9028 4554 7422 1055 
4554 8166 5639 6698 9031 2365 2672 2002 4918 3770 3101 7422 
2160 9122 7430 9031 6698 5639 6413 2365 3536 2002 5523 3770 3101 7422 7074 
2208 7617 5155 7430 8166 6698 2365 3536 113 6328 3101 7422 
5216 7430 6698 6413 2672 1781 1046 6808 3770 8219 605 1534 1055 
5216 2160 9122 5155 9031 3816 6409 6698 5639 6413 2365 3536 2002 3902 8470 6808 4298 1534 
4554 5155 6698 3101 3011 2900 4918 6808 1881 3770 2365 1534 5247 
8032 5155 7430 3816 6698 605 3536 1781 6808 1534 6063 3101 7422 1055 
2672 6242 4545 6409 3536 5523 3316 8470 1881 2365 7422 1055 
7617 3012 7430 8166 5639 6409 6413 9198 605 6706 2365 6808 9028 3101 1534 1781 
2208 9122 7430 5639 6698 9031 2365 3536 3770 6063 4554 
7617 5155 8470 7430 9031 4554 9421 6063 3536 2002 1534 4662 6808 2365 7422 
3026 2160 7074 5639 4554 2002 3101 3536 6706 3316 6698 3646 1055 
3011 7430 3273 6698 3101 605 2002 6804 8470 6808 1881 3338 2365 1534 
7617 8166 9031 6698 5639 6413 9198 2365 3026 3316 3478 4554 7422 1535 
7617 9122 9031 6409 6698 5227 4738 2672 4662 3770 2205 7422 
7430 8166 9031 6409 4298 605 2365 4918 3770 3101 8021 
7617 7074 6698 6413 9198 2365 3536 6706 5523 4662 2672 3101 7422 
7617 8202 7430 8166 9031 4298 6413 2160 2002 5686 2365 1055 
4554 7617 9031 5639 4298 5227 6413 3101 2160 3026 5523 3316 6140 6698 1055 
2672 5155 8420 8166 4234 6413 3536 3316 1534 6808 1881 2365 7422 1535 
2160 7074 8166 9031 6698 5639 9198 2365 3536 4298 7422 1055 
8032 2208 5639 4554 9031 6413 605 2672 2900 2365 8470 6808 1881 3101 7422 
4554 2672 5155 7430 8166 6698 6413 3536 4019 3101 7422 
5216 7074 7430 8166 6698 6413 2365 4019 8021 3101 7422 1055 
2672 7430 8166 6409 6413 2365 2160 7422 3478 605 3646 1535 
2208 7617 9122 7430 4554 3536 2002 3316 2365 7422 1055 
2672 5155 7430 9031 2057 4554 2205 3536 1781 8470 6409 6808 605 7422 
48 7430 5639 4554 9031 5646 2672 6706 1534 6698 7422 
7074 5155 7430 9031 6698 6413 9421 4019 3902 4234 6808 4554 1534 1055 
2672 5155 7430 5639 6698 6413 6063 2160 113 7422 6808 1534 2365 3646 1055 
7617 3011 6409 6698 7660 9421 6063 3536 6328 1534 4298 6808 3101 7422 
7617 7430 9031 4554 6413 605 2672 2002 2365 4662 3101 7422 1055 
9122 8166 4298 6706 2365 3536 2002 3478 6698 1055 
2208 8470 9031 6409 4554 5639 2205 3536 6706 4019 3316 4662 6808 6063 6140 6698 
2160 7430 5639 6409 6698 3026 2365 3536 2002 4662 2672 3101 7422 1055 
4738 8166 5639 6409 4554 5227 2002 6140 4298 7422 1055 
2672 5155 9031 6409 6698 6413 3101 2205 113 3026 4019 2365 6808 4554 1534 1535 
2672 9346 6409 4554 9198 3536 1781 3770 2365 1535 
740 9609 6698 2365 2160 2929 2002 4019 6808 1881 3338 1055 3101 7422 1535 
48 3902 9031 3273 6698 6413 9198 141 2672 2929 3316 1534 6808 1881 3067 7422 
8032 9031 4554 5227 3536 6706 7422 6328 2365 3646 
5216 7617 9028 7430 2208 1781 3316 8021 6328 1534 3770 3101 7422 1055 
2160 7430 2929 6409 7660 6413 2365 3536 113 2900 8470 6808 1881 3101 1534 1055 
8032 7617 7430 9031 2365 4019 2900 4662 1881 6063 3101 7422 1055 
2672 5155 7430 9031 6698 3101 3536 2002 5523 3316 2365 4554 7422 1055 
7617 7074 7430 9031 2160 6698 5639 6413 2365 3536 6706 3316 605 7422 
8112 5155 3012 6409 605 2672 113 6706 5523 2900 6808 1881 6063 2365 1534 1055 
8032 6698 4298 6413 3536 3026 6706 3770 4554 
2672 7430 6698 6063 3536 6804 1534 1881 6140 3101 7422 1055 
7617 3011 9245 4545 3101 6063 2672 9825 1881 5247 2365 1535 
5216 7617 5155 9028 6063 9031 6409 6698 2208 6413 2365 3536 6808 2672 5787 3101 7422 
7617 8166 9031 4554 6413 2365 2160 3478 4298 7422 1055 
2208 7617 6242 6409 4298 6413 7470 2365 2672 113 2002 3316 4662 6063 3101 1534 
7617 9028 8166 6413 2365 3536 5523 2900 1881 6063 3101 7422 1055 
2160 6698 9198 3536 3026 5523 214 6328 6140 4554 7422 1055 
8032 5155 8470 9031 2672 2900 1534 4662 6808 1881 8506 8219 2365 7422 1535 
2208 2160 5155 7430 8166 4554 3536 2002 4019 3101 1055 
2160 4738 9031 3026 3536 6706 3902 8470 6808 2672 2205 7422 
7074 7430 8166 6698 6413 2365 3536 4019 3101 7422 1055 
7430 9031 6409 6698 6706 2160 3026 4019 1781 8470 8219 2365 1534 1055 
2672 3650 5639 6698 9031 6063 3536 3026 4019 214 3770 2365 7422 
7430 8166 9031 6409 4554 2002 3536 6706 4019 3316 2365 7422 
2672 5155 9031 6409 6413 605 2160 113 4545 2900 2365 8470 8112 1881 6140 3101 1534 
3026 7617 7430 9031 2002 605 3536 6706 5523 2365 3770 3101 7422 
7430 9031 6409 4554 3101 2672 2002 2365 3770 4298 7422 1055 
4545 3011 5686 3101 3536 2929 8470 1881 8219 2365 1055 
2160 9122 7430 9031 6409 6698 5227 6413 6063 3536 4019 3316 3101 7422 1055 
2672 7430 8166 6409 4554 2365 3536 5686 3101 7422 
7617 5686 8166 5639 6409 6698 6413 3536 6706 3316 3478 1535 3101 7422 1055 
4554 2672 8470 5639 3816 6698 2208 2365 2160 3316 1534 4234 1881 3101 7422 1055 
2672 7430 6409 6698 9198 2205 3536 2365 3770 4298 7422 
8032 6242 7430 5639 6698 7074 2365 6381 3770 4554 
2208 5155 7430 6409 3026 2365 2160 113 6706 3770 3101 7422 
6881 9028 7430 8167 9609 5247 7660 3101 4305 5523 1534 6063 5757 2365 7422 1055 
8032 7617 8166 5639 6409 4554 6413 3536 2160 3316 3770 3101 7422 
2672 9421 8202 3026 6063 3536 2002 4019 1534 6808 7422 1055 
7617 9031 4298 2002 3101 3536 6706 3316 3478 3770 6698 7422 1055 
8032 7617 7430 6409 6698 3026 9198 2365 2160 2002 3770 2205 
8032 7617 8166 9031 4554 2002 9198 3101 6706 3316 2365 4662 6698 7422 
2672 7430 9031 6698 9421 2365 2160 5523 8470 6808 3770 4554 7422 1535 
8032 7617 9421 4554 6413 2365 3536 2002 5523 3316 4019 6808 3101 1534 1055 
6242 7430 9031 3816 6409 7074 6063 5523 2900 3902 8470 6808 2365 1534 
8032 7617 3650 4298 9245 6413 3101 2672 2900 2365 8470 6808 1881 9822 6698 1534 
7617 7430 5639 6409 6413 2672 113 6706 6328 3770 2365 7422 
2208 48 5155 7430 9031 3816 6698 9421 3536 2900 6808 2365 7422 
5155 9028 6409 4554 3101 3536 6706 2205 3316 1781 4662 1881 2900 6698 1055 
2160 6698 2002 6413 3536 6706 7422 4918 6328 2365 3646 1055 
3011 9028 8420 5639 3273 6698 8369 6063 3536 2929 3316 8470 1881 1534 1535 
3011 9421 9031 6409 4554 3026 3101 2672 6706 8470 3770 6698 7422 
7617 9028 5639 3816 6409 9031 7470 2365 8112 2002 9825 6808 6063 2205 7422 
5155 7430 5639 3816 3101 3536 2929 8470 6808 1881 6063 2365 7422 1055 
3026 8166 4554 2002 9198 605 3536 6706 4918 3101 1055 
2672 3011 3012 9031 6698 2365 3536 2002 5523 3316 4019 1881 6808 1534 9825 3101 7422 5247 
8032 7617 5155 3012 7430 5639 9198 2672 2002 5523 1781 6808 6140 2205 7422 1535 
8112 5155 740 7430 9031 6409 6698 6413 2365 2672 4019 8470 6808 6063 2205 7422 
5216 9122 7430 6409 4554 2365 3536 6328 3770 3101 
7617 4738 7430 5639 9245 3536 5523 8470 1881 8219 6140 3101 1534 
9609 7617 5639 3273 3338 4305 6706 3316 577 1881 6328 2900 3101 3902 
7617 8112 9031 6698 5639 6413 7470 3101 3536 2002 2365 6808 1534 4554 7422 1055 
5216 7617 7430 9031 4554 2208 3101 3536 6706 3316 2672 6698 1055 
2160 7430 8166 5639 4298 3536 4019 4918 2365 
5155 8166 6409 6698 3101 3536 3026 3316 2365 1535 6140 4554 7422 1055 
3026 5216 7074 5155 9031 6409 6698 5639 6706 2365 2160 2002 6808 2208 3101 7422 
7617 7430 8166 2160 6413 2365 3536 3316 7422 4662 6328 3101 3646 
2672 4738 9031 4554 5639 3101 3536 6706 2365 4662 3770 6698 
2208 3011 9028 7430 6698 5247 3101 6413 2365 2900 1781 8470 1881 6063 2205 1535 
5155 8166 6409 6698 2002 5646 6063 2672 3026 1534 8470 6808 2365 7422 1055 
9346 5155 6698 3101 2672 3316 2365 6328 3770 1565 4554 7422 
7617 7430 8166 9031 6409 4298 6706 5523 6328 2365 7422 1535 
9421 6698 6706 2365 2672 2002 3316 9028 1055 1565 2205 7422 1535 
9122 7430 9031 7660 6698 9245 2205 113 2002 6808 1881 3101 7422 2929 
7617 7430 9031 6698 5227 3026 3101 2002 3316 2365 4554 7422 1055 
2672 7430 6409 4554 2002 6413 2160 113 6706 3316 2365 6808 1881 6698 1535 
8032 2160 7074 4918 6409 3536 2002 3478 2672 2365 
4554 7074 8166 9031 5639 6409 4298 5227 5686 6698 1055 
8032 8166 5639 2057 4554 3536 3026 3316 5787 3101 7422 1055 
7617 5155 3012 8166 5639 6409 6698 3536 113 2900 1534 1881 6808 2672 3101 7422 1055 
4554 5155 3012 7430 6409 4298 2365 2672 2002 3316 8470 6808 6698 7422 1055 
2160 5155 7430 5639 6698 6413 2205 3536 3026 8470 6328 2672 3101 1534 4545 
8032 4738 5155 2057 6698 2365 1881 3101 2929 2900 7422 8470 6409 6808 1534 6063 4554 605 
7617 7430 9031 6409 4554 3026 3536 6706 8021 2672 
3026 7617 6698 4298 6413 3101 3536 6706 3478 4554 1055 
5216 5155 740 5639 3816 6698 9031 2365 2672 2929 4019 3316 1881 6808 2900 3101 7422 1535 
7617 5155 7430 6409 6698 9198 6063 2160 2002 4019 4234 8112 6808 2672 5787 2365 1535 
2208 7617 5155 7430 8166 6409 6698 2365 113 6063 6140 3101 7422 1055 
7430 8166 9031 6698 5639 6413 2365 2672 3316 7422 1535 4298 3646 1055 
7617 9122 6698 7074 2205 3536 5523 2365 3770 605 7422 
3902 3012 7430 5639 6409 4554 141 2672 5523 4019 6808 1534 6698 3646 
8032 9122 4554 8166 6698 2672 7430 3478 3101 7422 
5155 8166 5639 4554 2365 2672 4019 3316 3478 1535 3101 1055 
2672 8470 8166 5639 6063 3536 1534 4918 9825 6808 1881 7422 5247 
7617 5155 9028 8470 4554 2365 3536 113 6706 3316 3902 4662 6808 6698 1534 
7617 5155 8166 6930 3536 6808 6706 5523 6328 2672 605 7422 
5155 9031 6409 6698 5639 3101 3536 3316 1534 214 1881 6808 2900 8219 4554 7422 1055 
7617 6242 7430 9031 6698 6413 3536 2002 1781 3770 7422 4545 
5216 5155 3012 5639 3816 6409 4554 2365 2672 113 1781 6808 1534 3770 6063 3101 7422 
2672 8112 797 3536 7422 6808 1881 5247 2365 1534 1055 
7617 6242 5155 9825 6698 3536 2002 2900 1534 6808 3770 4298 7422 1055 
8032 2160 8166 3816 6698 9198 3536 1534 6808 3770 2365 7422 
2208 3478 7430 9031 2057 6698 2365 2672 3026 5523 3316 4662 2205 7422 
2160 7430 6413 2365 3536 4019 6808 1881 6063 3101 7422 1055 
5639 3816 6409 6698 2365 3536 4019 3478 3770 4554 1534 
2672 8166 5639 6698 6413 9198 605 2160 6706 2365 3478 6063 3101 1535 
2208 7783 4554 9245 9421 3101 8112 2002 2900 1534 8470 6808 2365 7422 1535 
8032 5155 9028 9031 3816 6409 4554 6413 3101 3536 6706 1534 6808 6698 7422 
7617 4738 4554 7074 2160 3770 5787 3101 3646 
2672 8166 9031 6698 5639 3536 2002 4662 3770 5787 2205 7422 1535 
7430 8166 5639 6409 6413 6063 2672 2002 7422 5686 2205 3646 
8032 2672 9031 6409 6698 5639 3101 3536 2205 2365 3478 4554 
2672 8112 9031 3132 6698 6413 6063 2160 9421 3011 2900 6808 1881 6140 3101 9822 
7617 5155 8166 2160 6698 2205 3536 2002 2365 3478 6063 605 7422 
7617 7430 8166 9031 6698 113 3026 3770 2365 1055 
5216 7074 9031 4554 2002 9198 6413 3536 6706 2365 3101 7422 1055 
5216 9031 3536 6706 4019 3316 3478 3770 1535 2365 7422 1055 
2672 7430 6409 4554 9198 3101 2160 6706 2205 3316 4662 6698 7422 1535 
5155 3012 8166 7430 6409 6698 7470 2205 2672 4019 3902 6808 3101 1534 
5155 9028 9245 6413 9421 3536 6706 3902 8470 6808 8506 2365 7422 1055 
2208 2672 5155 7430 5639 6698 2365 3536 4019 4298 6063 3101 1055 
4545 6698 9031 2057 4554 6413 9198 2365 6706 5523 6409 4298 7422 1055 
2208 6698 9031 4298 5639 7470 2672 6706 3902 6808 3101 7422 1055 
7617 5155 7430 9031 6698 9245 2160 5489 5523 1781 6808 2672 8506 1534 3101 7422 1055 
3011 7430 9031 6409 6698 7783 6413 2365 3536 3316 1781 8470 6808 4298 7422 
8032 7430 8166 3026 3536 6706 3770 7422 1535 
8032 2208 9122 5155 7430 9031 6698 9198 6063 3536 2002 3316 1535 7422 1055 
7617 8166 9031 6409 6698 2160 7416 5523 1534 6808 1881 3770 3101 7422 1055 
7617 7074 8420 9031 3816 6409 6698 5639 6063 113 2900 4662 1881 7422 2929 
7617 7430 6698 9198 3101 3536 4019 2672 3770 4554 7422 
2672 5155 48 9031 6698 6413 2365 3536 113 4545 3902 1534 3101 7422 
2208 5155 7430 5639 6698 7783 9245 6063 3536 2929 3316 6808 2365 1055 
2672 9122 5639 6409 4554 3101 3536 6706 2365 1535 6698 7422 1055 
8032 7074 3478 6409 4554 3536 4662 3101 7422 1055 
8032 2672 5155 6698 2208 2205 3536 5523 3316 2365 4554 1055 
7617 9028 6409 6698 6413 2205 3536 5523 2900 4019 8470 2672 4554 7422 
2208 2672 7430 8166 5639 6409 6698 2365 3536 1535 3101 7422 1055 
7617 7074 8166 9031 6698 3536 6706 3770 1535 7422 1055 
7617 3650 5639 6698 4738 2365 3536 214 6328 3770 3101 7422 
7617 6698 8166 9031 4298 6413 3101 3536 6706 5155 4554 7422 1535 
2160 7074 7430 5639 4554 6413 2365 3536 4298 3101 7422 
8032 5216 5155 7430 5639 9031 6413 6808 4019 5686 6328 605 1534 1055 
7430 6698 2002 2365 3536 3026 3478 4554 3646 1535 
8032 7617 9122 7430 6698 7074 2672 2002 5523 2365 7422 
2672 5155 9031 6409 6698 5639 6413 9198 3536 113 2002 3316 5686 6328 2365 7422 
7617 9122 5155 3816 6409 6698 3101 3536 3316 2365 6808 2672 4554 1534 
8032 8112 9028 6698 3101 3536 5523 3316 2365 6808 6063 4554 7422 1055 
9122 5155 6698 9245 7074 2365 2160 2929 4019 2900 9822 8470 6808 3770 2205 1534 
8032 2160 3012 9031 3816 6409 8202 5639 6413 2365 3536 5216 1534 6808 3101 7422 1055 
3902 7617 8112 8470 6698 6063 2160 5523 4019 3478 2672 4554 7422 
2160 7430 48 6698 6413 6063 3536 2929 6804 3478 6808 2672 2365 
2160 5639 4554 3536 4662 2672 3770 2205 3646 1535 
48 5155 7430 9825 6409 6698 6413 2365 2672 3316 8470 1881 3770 3101 1535 
8166 4554 6413 5646 2365 6706 4019 1781 6698 7422 1055 
3026 2160 9031 4554 2002 6413 3536 6706 2205 3316 1535 3101 7422 1055 
7617 9122 5155 9031 6409 5639 2365 2672 6706 6328 3770 3101 7422 
7430 4554 6706 3101 3536 3026 3316 2365 3770 6698 7422 
7617 5155 7430 6698 3536 2929 6804 2900 1534 8470 1881 2672 2365 7422 
7617 8166 5639 6413 9421 2672 2929 4545 2900 3478 6808 1881 2205 
2208 2160 8112 9031 3816 2057 4554 6063 3536 113 5523 8021 6409 6808 3101 1534 
9346 740 8166 3816 8202 2205 3536 4019 6808 3101 1534 
8032 5216 6242 8166 9031 6698 5639 9198 3101 3536 3770 4554 605 
8112 5155 7430 6698 6063 3536 4019 3902 8470 6808 5787 3101 7422 1055 
5155 3012 7430 5639 3816 9031 6413 2365 2672 6706 9421 8470 3101 3902 1055 
2208 7617 8166 3816 6409 6698 7212 2002 9421 3536 6706 6808 2672 1534 
5216 7617 8166 6409 6698 5227 6413 605 6706 3316 3770 5787 3101 7422 
7617 9122 3011 9031 6698 6413 2672 2929 6706 3316 8021 6808 1881 3101 1534 1055 
5155 8470 7430 6698 3622 2365 2672 3026 4019 3316 1534 214 6808 3101 7422 1055 
2160 7074 8202 3026 6413 3536 6706 214 2365 7422 1055 
2160 4738 7430 8166 9031 6698 3101 3536 3316 2365 4554 3646 1535 
2208 7617 4738 5155 3012 9031 6409 6698 2365 3536 8470 8112 4554 7422 1055 
2672 7430 9031 6409 6698 6063 2160 6930 2900 1534 1881 9245 7422 1055 
2208 2672 4738 5155 7430 6409 6698 9346 3536 3902 3316 1781 8470 1534 
5216 7617 7074 2160 6698 141 6413 3536 3316 8021 5686 4554 7422 1535 
2208 5155 3012 9031 3816 6698 2365 3101 2672 2002 7422 6808 1534 6063 6140 4554 605 1055 
7617 7430 9031 6698 2205 3536 2365 4298 3770 3101 7422 8021 
2208 7430 6409 4554 2672 4662 6328 1055 3101 7422 1535 
5155 9028 8470 8166 9031 4554 5227 3101 6706 214 6808 6063 6698 7422 1055 
2002 2160 5155 6698 6706 3536 3026 2672 3770 3101 7422 1055 
7617 7430 8166 9031 4554 5639 3536 6706 3316 3770 7422 
4554 7430 8166 6409 6698 2672 3316 7422 1535 3101 3646 1055 
8032 2160 7430 9031 6698 605 3536 2365 6328 6140 3101 1055 
8166 6409 6698 8021 2205 3536 2002 2365 3478 4554 1055 
2208 9825 7430 3816 6698 9245 4019 3316 1534 4662 6808 1881 3101 7422 
2205 2208 7430 6409 4554 3101 3536 6706 5523 3316 4019 6063 6698 1055 
2208 7617 8112 8166 3026 2365 3536 113 2002 1534 8470 6808 3101 7422 
7617 9122 8166 9031 2160 6698 3101 3536 3770 4298 1055 
2160 7430 8166 6698 2002 6413 3536 6706 2365 3646 1055 
7430 2929 6409 6413 2672 6808 4019 6328 1881 2365 3902 
7617 4918 7430 9031 2365 6706 3478 3770 1535 2205 1055 
2208 2672 8470 8166 6409 4298 2160 2929 3316 1781 3478 1881 2900 1534 7422 
2160 7430 5639 6409 4554 2365 3536 2002 3316 2672 3101 7422 1055 
7617 4738 8166 9031 6698 5639 6413 9198 3101 3536 6706 3316 4554 9122 
5155 8166 9031 6409 6698 7212 3101 3536 5523 2365 6808 3770 6063 4554 7422 
7617 5639 4554 7470 6063 3536 113 2002 2900 8470 1881 6808 2672 3101 1534 
7617 6242 8166 2160 2365 3536 6706 3316 5686 2205 7422 
5216 7617 5155 8166 6698 6413 605 2672 113 2365 4298 6063 3101 7422 
5155 9031 6409 5639 9421 9198 2365 3536 6706 1534 4662 6808 8219 605 7422 1535 
8032 3478 8166 6409 4298 2365 6706 5523 3316 4662 6698 7422 1535 
2160 7430 4554 3536 6706 3316 4662 2672 1535 2365 7422 1055 
4545 7430 3816 6409 6698 6413 3101 113 2002 3316 1534 4554 7422 1055 
2160 9122 8166 6409 6698 6413 9198 3536 5523 4662 4554 3646 1535 
2208 7074 5155 3622 7430 5639 3816 6698 4110 2672 3316 6808 6140 7422 
4554 5155 5639 3816 4298 3101 2672 2900 2365 1881 6328 1534 6698 7422 
2160 7430 6409 6698 6413 3101 3536 4019 2365 2672 4298 1055 
3902 8166 9031 6409 6698 5639 2365 2002 5523 3316 8021 3478 1881 1534 3101 7422 1535 
7617 9122 5155 740 5639 6409 6698 3536 113 4019 1534 8470 4554 7422 
2672 5155 6063 9031 6409 6698 5639 9421 3101 3536 8202 3316 2365 1534 5787 4554 605 
4554 2160 5686 5639 6698 3101 3536 2002 3316 2365 4662 4298 7422 8021 
8032 2672 5155 9031 6698 2365 3536 5523 4019 1881 1534 4554 7422 
2672 5155 8166 5639 6409 2365 3536 3026 5523 8470 3770 3101 3011 1535 
4738 8166 6698 7074 6413 3536 6706 4662 7422 1055 
7617 7074 7430 9031 2160 6698 5639 2365 3536 8021 2672 4298 
2672 7430 9031 3816 6698 4110 2365 3536 6808 2002 1534 4298 3101 7422 
3026 2160 9031 6413 605 3536 2002 2365 1535 3770 5787 3101 7422 1055 
9028 4918 8166 5639 6409 4554 605 113 2002 1534 4662 6808 3101 7422 1535 
7617 5155 9028 5686 7430 3816 2365 2672 3316 1534 4662 3101 7422 1055 
9028 7430 9031 3816 4554 5639 9198 2365 2002 2900 8470 4298 1881 3101 1534 
7617 3478 9031 6698 3101 3536 3026 3316 4662 3770 4554 1055 
9825 740 8470 6698 6413 48 113 5523 3316 1534 4662 1881 6808 2900 6140 2365 7422 
7617 8166 9031 2160 6698 605 3536 2365 3770 3101 7422 1055 
7617 7430 5639 6409 6698 6413 2365 3536 2929 2900 1534 4918 6808 1881 3101 7422 
7617 7430 6409 6698 6413 2365 3536 6706 5523 3316 6328 2672 6063 3101 1535 
2672 7074 9028 7430 6698 6063 2160 2002 4019 3316 1534 6808 6140 3101 7422 
8032 48 8166 2672 3026 4019 3316 4662 1881 3101 7422 
3012 8420 2929 3816 6698 3536 113 6706 3316 1881 6808 2900 6140 3101 7422 
7430 3478 8166 4298 6413 2672 6706 3316 4662 1055 
8112 4738 5155 8470 48 6698 3101 2672 2929 4019 2900 1534 3478 2365 7422 
2208 7617 5155 6698 6413 3101 2672 2002 4019 1534 4662 8112 6808 6063 4554 7422 
2672 8166 9031 6698 6413 2365 3536 4019 4918 1535 3101 7422 1055 
7074 5155 9346 9031 6409 4554 5639 6413 3101 2672 6706 6063 6698 7422 1055 
4554 5216 6242 2057 6698 605 3478 3770 3101 3646 1055 
6698 7430 8166 9031 4554 6413 5646 2365 2672 6706 3101 7422 
8032 4019 5155 7430 6409 6698 6706 6413 2672 2002 5523 2365 3101 7422 1535 
6242 9031 6409 6698 5639 6413 2160 6706 4019 6808 1881 1535 6140 9245 7422 1055 
7617 5155 9028 7430 3816 6698 6413 2365 3536 6808 6063 6140 3101 7422 
7617 6698 5639 4298 9198 3536 6706 6328 4554 7422 1055 
4554 5216 4738 9031 6698 5639 9122 3101 3536 3026 3316 4298 7422 
7617 7430 6698 6413 2365 3536 113 2672 4298 7422 1055 
7617 8112 3012 7430 2160 6698 6413 7470 6063 3536 4019 6808 7422 1055 
2208 9122 5155 7430 3816 4554 9421 3101 4019 3316 2365 
4545 5155 7430 3816 4554 6413 3536 2002 3316 1534 8112 6808 3101 7422 
2160 7074 8166 9031 6698 2365 3536 4662 3770 3101 1055 
2672 7430 8166 6698 6413 2205 3536 2002 3316 2365 3770 3101 1055 
8032 8112 3816 6409 6698 6413 6063 3536 2002 3316 1534 1535 6140 2365 7422 1055 
9825 3012 2054 9031 6698 9421 2365 3026 5523 3316 1534 1046 1881 6808 2900 3101 7422 5247 
2208 48 5155 5639 9031 3536 3316 5686 1881 6328 2900 3770 8506 2365 9822 
7617 7430 9031 6409 6698 2365 6413 605 3536 5523 3316 7422 4298 3646 1055 
7617 9122 7430 4298 2205 3536 5523 2365 4662 3101 7422 1055 
7430 4298 6413 2365 2672 6706 6808 4554 7422 1055 
7430 8166 5639 6409 6698 9031 2365 2672 3316 3770 4554 7422 
3012 5686 5639 4298 9421 6063 8112 113 2002 4019 3316 8021 4662 1534 2205 7422 
2672 9031 6409 6698 2160 3026 3316 6328 3770 2205 3646 1055 
5216 2160 8166 9031 6409 4554 5639 6413 605 3536 3316 3770 4298 
7617 7074 5639 6409 4554 6706 3536 2002 4019 2672 6698 7422 
7617 8166 6698 2365 2672 4019 3478 6328 6063 4298 7422 
2672 7430 8166 5639 9031 6063 3536 2929 3026 2900 6808 1881 3101 7422 
2208 2672 8202 5639 4554 2002 6413 3536 3026 5155 4662 6063 3101 7422 
8032 7617 5155 7430 9031 6409 6698 5227 2365 3536 113 3101 7422 1535 
7430 4554 605 2672 6706 4019 3770 6063 2365 
7617 7074 7430 6409 6698 3101 3536 3316 2365 4918 4554 1055 
2160 5155 8420 5639 6409 6698 6413 3536 2002 2900 3478 1881 6808 2672 9825 3101 1534 
7617 4738 5155 7430 6698 605 3536 2929 2002 5523 2365 6808 1881 6140 3101 1534 8021 
2672 9028 1781 6698 9421 6063 3536 4019 8021 6808 1055 2365 1535 
4554 2160 7074 9031 6409 6698 6413 3536 3770 4298 1055 
2208 6242 5639 3816 6698 3101 3536 2365 1534 3770 6063 4298 7422 8021 
48 9028 9031 6698 5639 6413 9198 3536 6930 2900 1534 8470 1881 1535 2365 7422 1055 
7617 7074 9031 4554 5639 2365 3536 8202 7422 6140 3101 3646 
5216 2208 9346 7430 6409 6698 2365 3536 3316 4554 7422 1055 
7617 5155 740 6409 6698 7470 3101 3536 2929 3316 1534 4234 6808 2672 4554 7422 
2672 3902 9031 3101 2160 9825 2900 1534 8470 605 6328 1881 2365 7422 
7074 5155 9031 6698 9421 6063 2672 5523 1534 8470 1535 6808 5787 4554 7422 1055 
7617 7430 8166 6409 4554 2160 2002 3478 2672 7422 1535 
8112 6063 8166 9031 3816 6698 6413 9198 2365 3536 6808 1535 3101 7422 1055 
7617 5155 7430 9031 2160 6698 2365 3536 113 5523 4554 7422 1055 
7074 7430 5639 6409 4554 3101 2002 6413 2205 6706 6140 6698 3646 
2160 7430 6698 6063 3536 6706 8470 6808 2672 3770 6140 1534 1055 
8032 4545 3012 4554 2365 6413 3101 6706 7422 6808 1534 6698 605 1055 
5639 3816 6409 2365 3536 6706 4019 1534 6808 3770 6063 3101 7422 1055 
6242 7430 8166 9031 4554 2672 2365 7422 1055 
