100
0 128 2 3 4 1 8 11 12 13 1039 17 18 22 407 8738 38 302 179 52 846 975 347 606 1125 2556 
0 1 2 3 5 6 8 265 10 12 17 19 283 2333 2098 696 186 9660 194 1353 336 3794 91 1125 3053 1390 
0 1 2 3 257 3208 10 11 268 1935 148 512 30 799 672 33 34 45 688 178 1075 52 53 694 186 138 2614 465 738 
0 1 2 3 6 2567 14 24 26 31 165 551 5803 562 4270 385 1841 50 959 67 714 1362 987 104 63 
0 1 2 3 4 6 8 10 13 4238 17 21 23 24 2436 29 38 39 193 3906 1863 201 77 2897 474 2022 753 
0 1 2 3 4 5893 6 8 10 525 15 17 21 33 34 420 40 41 48 946 186 801 202 977 874 753 119 
0 1 2 3 4 5 6 7 906 12 16 17 18 676 45 50 1075 698 1871 465 85 1880 89 144 1514 630 
0 1 3 4 261 6 10 270 19 154 1180 1695 290 37 1318 7084 1072 1201 3893 822 9918 565 1499 93 485 105 
0 1 2 3 4 5 15 1553 658 20 25 26 2204 160 33 430 182 837 2247 470 222 7266 18 113 
0 1 2 4 5 6 138 17 2243 20 25 26 31 548 39 40 128 309 10 64 67 90 1122 100 7660 110 248 
0 1 2 3 4 5893 6 7 10 1411 794 5 9375 38 9900 54 7867 75 76 86 1628 9057 100 1138 374 247 
0 1 2 43 4 5 6 136 10 12 4226 259 6677 153 167 296 2219 45 2094 48 53 680 5459 7768 1882 732 7147 40 
0 1 2 3 4612 7 128 143 1171 25 154 799 5792 34 40 257 1075 181 565 75 85 872 114 122 
128 0 3 4 5 1 10 24 4001 806 135 174 49 71 5834 207 1105 93 110 7027 244 3324 127 
0 1 2 3 4 5 10 11 12 13 1296 146 3715 404 1813 7064 25 414 31 418 38 168 169 43 178 2107 1748 479 224 19 
0 1 2 3 4 5 10 15 33 34 1958 5546 52 437 3004 202 68 965 586 466 85 222 95 97 105 4848 
0 1 258 3 4 6 8 10 11 13 143 1428 110 25 154 156 291 2983 46 1332 54 2751 1748 214 215 89 3950 241 
0 1 2 3 4 6 257 8 649 12 33 36 9660 831 66 77 2131 5844 86 1498 94 103 2793 4202 3955 122 
0 1 2 3 4 10 12 3983 384 6037 25 287 1317 39 43 579 77 465 97 3813 872 2929 120 7935 
0 1 2 3 6 129 9 10 12 15 658 26 27 1181 1060 29 1333 71 724 88 420 1167 222 868 871 2925 127 
0 1 2 3 6 647 16 1880 1044 686 24 414 2591 129 42 43 4654 158 88 59 191 7748 4056 3808 106 9969 630 
0 1 2 3 4 7 8 5005 16 20 9110 1156 9373 1318 42 53 183 1097 75 13 5841 343 7384 1375 38 361 109 105 
0 1 2 3 4 7 150 409 26 1434 30 2466 36 1829 7979 693 60 5693 63 3009 455 73 590 89 347 94 352 1506 
0 1 2 3 1540 150 6 7 10 19 22 33 34 167 40 49 947 180 53 186 581 592 81 5459 597 122 
0 1 3 769 8 9 10 29 286 799 36 550 167 40 7 45 47 53 5693 452 75 465 338 222 4581 4732 
0 1 2 3 7685 8 2699 12 5263 25 5 294 39 47 48 6973 463 911 2398 3811 678 627 125 127 
0 1 2 3 2052 6407 9 779 12 1986 4238 16 2706 25 4 296 41 3507 52 181 66 68 69 198 3575 210 85 119 4984 
0 1 2 3 4 5 10 145 18 259 148 29 33 34 36 40 47 183 3384 60 3389 202 721 1117 99 6126 1904 7414 122 
0 1 2 3 4 5 3974 10 11 258 5526 23 24 645 162 40 42 44 49 53 57 1724 68 909 721 517 222 352 1260 
0 1 3 6 7 1545 650 11 12 270 18 2195 25 42 43 9269 569 479 10 68 71 211 3028 214 223 391 
0 1 3 4 6 10 12 143 146 156 5792 36 1286 173 433 2867 180 181 1084 199 6092 90 1886 102 18 378 509 
0 1 258 3 4 5 6 10 2 1439 33 419 9862 1344 50 1724 64 1345 194 68 1057 217 247 
0 1 258 3 4 6 7 14 17 259 1433 33 43 52 186 2876 68 161 842 77 2388 221 248 124 
0 1 2 3 5 769 10 1922 15 21 1558 25 3483 30 34 175 191 1730 73 3019 222 5346 7407 5492 2555 124 3070 127 
0 1 514 3 4 6 1665 138 12 18 22 25 414 2469 46 60 3775 704 326 588 2126 5084 95 5479 2925 366 5621 
0 1 2 3 4 6 1927 12 13 15 20 24 8991 7717 71 45 58 59 839 467 1752 473 9322 1363 1653 1782 
0 1 2 3 4 5 647 10 1411 1044 151 153 26 1180 1058 419 36 778 6210 68 326 2517 473 95 105 
0 1 514 3 4 6 10 2 270 9110 24 25 2469 4654 184 314 315 61 64 8386 6737 251 360 123 
0 1 3 4 2567 8 906 13 1325 19 24 31 165 40 170 557 562 2611 10 67 75 77 1362 217 
0 1 2 3 5 6 257 1804 16 1810 387 20 22 25 38 1671 46 51 59 828 320 3911 712 1227 2523 105 362 4858 8444 7935 
0 1 2 3 4 8 10 12 14 17 4500 278 6044 29 159 37 497 689 319 1476 205 1880 605 1249 744 1899 753 2042 3198 
0 1 2 2219 7 1672 265 10 11 3 6677 4126 2079 290 3882 43 45 8 53 9 3003 64 1217 200 5841 3181 1905 630 1147 
0 1 2 3 4 5 10 88 23 26 156 4126 294 9969 48 50 53 574 835 76 1880 227 3814 241 62 630 
0 1 130 3 2052 6 21 22 24 39 3358 5027 167 46 48 30 54 55 8512 1353 336 477 99 488 551 4 
0 1 898 3 6 1281 271 18 150 25 153 111 540 135 826 59 65 66 91 94 7394 483 1135 3070 
0 1 2 3 4 6 136 12 31 676 1926 551 296 554 7979 46 8 66 460 81 85 345 90 103 753 122 1917 
0 1 2 269 654 17 19 20 1944 34 36 424 9132 9517 40 59 452 69 71 76 202 588 3362 1934 2545 498 
0 1 2 3 4 7685 7 779 2193 18 20 34 35 676 1318 39 43 45 947 58 3285 1499 550 618 122 126 
0 1 3 6 257 10 13 530 1427 20 293 44 53 1097 6457 446 71 73 909 81 3794 7384 94 1375 99 2300 
0 1 2 3 4 6 2567 1671 13 15 29 34 40 42 43 559 49 947 6200 320 67 8450 223 116 1150 
0 1 514 3 4 133 20 25 155 29 36 2469 39 48 7479 6973 64 202 83 5742 752 113 885 2430 
0 1 3 4 641 10 12 13 270 17 19 415 160 35 293 7 190 576 579 205 7140 100 508 113 124 
0 1 2 3 4 9 10 13 17 18 1299 20 34 676 308 786 315 1094 384 587 90 347 737 229 106 146 753 498 
0 1 2 3 4 6 8 9 10 12 130 270 154 293 8752 52 181 64 66 214 87 477 94 3935 250 
0 1 2 3 4 5 10 15 17 7322 28 288 33 34 46 54 62 68 76 2380 1999 87 101 1514 115 504 1788 
0 1 2 4 134 10 139 12 16 18 21 33 6 41 172 48 52 1077 3388 957 68 456 73 94 747 530 1390 122 124 126 
0 1 3 4612 5 3208 10 15 17 4 154 5276 799 35 38 39 7084 45 1840 1075 3893 9918 2112 200 332 9804 85 2264 1401 
0 1 3 4 257 128 11 1424 174 33 46 437 68 202 3535 84 214 3676 221 94 1384 118 1788 895 
0 1 2 3 4 6 10 13 144 17 18 366 30 32 34 43 174 128 57 584 86 479 105 1902 6259 21 
0 1 3 4 902 10 12 142 15 272 657 6036 512 535 26 29 33 4913 305 188 80 81 2396 6246 105 123 
0 1 3 5 3464 12 527 1170 26 2974 295 40 46 1072 52 53 59 75 719 339 483 39 4207 
0 3713 2 3 5 6 1 9 12 14 21 1944 32 34 46 688 53 1999 82 2388 221 1637 489 2928 889 639 
0 1 2 3 4 5 6 8 12 527 21 24 796 160 1187 164 9386 45 51 308 59 8480 75 213 982 484 106 9593 127 
0 1 3 7 906 16 18 3478 540 31 33 165 1832 298 5803 4270 562 307 3642 10 71 3711 91 3299 1256 1019 255 
0 1 2 131 5 6 4652 911 272 3 21 153 36 172 48 49 1545 315 67 7748 8005 1094 1353 2507 1232 336 
0 1 2 3 257 779 1934 1424 17 34 550 168 68 205 721 99 81 1775 117 246 8055 2553 122 2815 
0 1 2 3 4 5 7 8 9 10 4482 17 150 24 29 49 947 60 320 1608 86 93 244 502 122 3324 1663 
0 1 2 3 4 5 6 10 12 4238 1424 17 22 25 286 32 33 434 182 55 189 69 3404 5459 346 4316 1011 118 119 125 
0 1 2 3 5 7 12 258 18 5792 676 551 47 48 689 180 565 57 64 1056 194 32 5212 223 1393 
0 1 3 4 3209 10 12 782 144 151 25 32 177 171 49 53 186 67 977 1107 87 1499 6753 1266 153 
0 1 3 4 6 7 10 13 14 18 2725 298 43 1280 9269 53 2247 462 1619 4942 1258 786 882 4211 629 122 
0 1 2 3 4 7 10 2195 24 31 419 164 165 38 170 47 176 186 906 66 848 217 94 355 5368 6009 
0 1 2 3 2052 5 12 915 20 1434 7712 165 41 7981 46 47 946 564 56 60 8512 71 1353 2507 87 1637 114 251 127 
0 1 2 3 2689 9 12 130 399 16 17 18 21 791 29 31 1953 38 1066 686 47 963 590 83 5479 105 124 
0 1 2 3 8 13 25 154 27 1438 5792 169 811 7084 3893 54 181 2380 565 1889 98 100 3181 374 254 
0 1 2 3 6 779 12 4238 28 1054 165 1062 1961 170 50 51 698 71 1362 214 607 96 101 338 118 8055 
0 1 2 3 5 129 2568 3595 12 13 20 1687 27 32 7979 5555 5936 7729 307 52 459 76 347 1501 743 493 3444 
0 896 514 4 1 11 2 15 658 20 2582 174 1071 433 53 60 62 2629 70 78 212 1366 347 228 1130 8466 240 499 2942 1407 
0 1 2 3 4 5 6 150 24 25 2202 36 168 45 49 55 696 1726 3906 77 1743 4049 210 190 502 
0 1 2 3 4 3137 12 130 17 18 26 34 38 40 42 569 1595 9918 64 833 74 332 80 6243 214 483 251 
0 1 3 4 5 1926 8 9 10 11 25 24 153 34 36 298 2219 45 5301 4797 53 200 81 82 339 94 227 
0 1 3 4 5 9862 6188 10 11 147 278 24 155 160 2466 6 1324 435 52 54 59 6847 2486 842 982 5358 752 124 126 
0 3713 2 3 4 1 8 9 149 24 3993 4514 1444 2567 565 181 320 199 9163 718 335 3935 360 235 4081 757 2429 1663 
0 1 2 3 4 6 1424 25 28 29 2591 36 550 40 1180 298 43 3244 1072 52 1334 183 1987 2388 94 95 105 107 114 42 
0 1 2690 3 4 6 9 10 14 2193 131 20 24 25 2469 38 39 685 50 57 5693 1348 4695 344 5990 17 7660 
0 1 4 5 1286 7 8 5641 13 15 26 27 2466 347 2725 54 9 6 59 66 68 458 75 1058 219 1756 226 101 248 
0 1 2 3 4 10 12 14 16 1253 18 21 22 24 155 542 31 34 5546 7979 4793 2112 3526 715 982 869 1637 874 109 111 1407 
0 1 2 1411 4 6 7 269 4238 3 4270 22 24 25 29 165 1459 46 307 54 186 1362 1125 1127 2288 3444 
0 1 3586 3 4 6 4238 16 17 146 278 23 26 27 6044 160 190 576 67 69 199 716 205 85 1494 5979 95 744 105 
0 1 2 3 4 5 775 8 10 144 146 1431 25 799 1008 1442 167 1066 558 4275 1595 1472 34 605 16 2796 240 505 
0 1 2 3 4 6 265 11 12 15 16 24 27 4126 42 172 44 48 52 317 5191 80 86 90 1504 483 1776 120 251 
0 1 2 3 389 1935 18 1155 919 154 667 29 34 36 2477 47 49 51 452 202 4557 2513 84 215 473 97 108 
0 1 3 4 5 8 2825 128 12 13 1027 24 31 38 551 298 50 1841 562 3761 906 205 81 5979 5212 95 3444 
0 1 3 4 6 10 12 13 14 16 17 1044 24 26 28 1058 174 3638 55 190 447 4162 93 124 3324 
0 1 2 7811 4 645 9862 13 655 19 20 21 22 34 1072 51 4281 68 1741 463 208 721 85 222 95 2913 1506 
0 1 2 3 4 6 129 141 14 20 156 2340 39 945 54 316 451 200 77 2897 4238 344 222 225 362 1790 374 119 126 
0 1 2 3 4 513 8 9 10 7947 20 33 34 36 682 45 306 437 138 1339 189 2112 705 202 290 82 214 478 1249 99 
0 1 2 3 4 8 9 14 1938 21 24 6043 160 34 45 1199 52 59 6847 3151 721 398 982 87 250 1002 111 6906 
0 1 2 3 6 6023 10 11 25 29 2591 306 48 49 50 308 951 314 959 320 67 327 338 354 4581 120 
0 1 2 3 4 5 129 10 12 5005 4238 17 22 160 5929 555 68 13 81 3794 2408 105 874 107 118 247 126 
