100
1536 1088 2436 7813 6919 6423 5772 14 4881 9326 5593 4804 8730 4764 2333 6689 5595 4646 3623 680 7337 8875 5167 8497 1714 8499 2996 9909 1590 4919 3384 6836 6203 7740 9802 821 1472 4673 7746 68 1352 7628 3914 6731 6092 78 4946 2131 4565 7001 6106 9269 4701 6111 9314 9211 1252 3366 6503 8060 8358 2027 8044 1646 6640 9690 6517 9467 1339 4733 1022 4863 
1536 3008 8619 2821 6919 7532 4490 2027 6158 3344 8850 2738 4377 8730 9690 1182 2416 4083 5595 7494 8358 3623 7337 9515 2220 3757 1327 4400 2610 6579 55 5419 6203 700 7741 1472 545 6091 2166 7622 4935 9032 9802 5431 3151 1392 2131 9003 857 6106 7387 3446 3167 2343 8418 2789 7271 7016 2025 8811 3180 8557 3261 6640 242 5459 116 8437 6518 297 8953 6652 7423 
2027 6916 428 4107 5772 6158 6031 3344 1043 8084 1173 6423 8984 8730 9115 4506 2078 161 6299 7337 8358 8497 7336 3881 9003 2220 3757 1327 2097 2610 5281 2996 1182 55 4920 9145 8378 1339 3549 7073 4296 545 6731 1634 2256 5746 5027 4565 4182 7001 9690 7387 6364 7271 8414 8929 9314 9211 1252 2406 1767 9577 8811 7532 877 2799 3442 3829 6518 6313 2708 9467 6268 4863 
3627 43 4740 7532 8199 8072 3180 4979 14 8557 8772 8850 9923 3865 9624 2436 922 9115 1564 9003 7840 545 6299 2097 7337 9515 2220 2605 9774 1327 3760 5297 6451 55 3384 6203 8437 1473 835 4804 453 6215 8987 3914 4919 6092 9679 4565 9046 5593 6106 5595 9949 8414 9825 1634 1252 9829 7271 2025 8044 4205 2416 2028 8178 1043 6517 6518 3433 2553 9211 4863 
2560 896 2027 6916 6919 8499 4107 5772 9487 3472 8984 8850 8084 4523 9624 1339 8730 4765 9504 7073 2525 8358 6567 7337 7338 3847 6215 1327 6579 2333 9909 4919 3128 9972 8378 6203 2236 7741 6069 458 835 453 4935 8394 78 9679 3384 4946 4565 6106 5339 6364 4701 4032 6112 9211 1252 2789 9577 8811 3180 1646 545 3956 2677 2038 3008 2553 9467 767 
299 6916 1670 6919 3336 3180 522 5772 2573 9179 3344 43 148 8730 9115 4764 2078 545 5027 7716 1723 9003 5802 9515 2220 5167 561 5281 2996 821 4565 5689 8122 8507 9148 8130 4673 7746 835 4804 453 4935 1352 2764 9934 7423 3446 2236 6869 726 5796 9690 5339 8378 3167 9851 4324 9829 6503 7016 7740 8811 8044 4083 4463 6640 4219 6517 9078 4201 5753 9211 8060 5630 4863 
2610 9003 6916 2053 9223 428 2027 9487 3729 8084 5746 7001 8984 1924 8730 9115 4765 9504 545 9179 3366 3623 7337 3151 5419 78 3637 8238 1327 561 6105 6579 2333 6069 2871 7352 1593 700 574 7861 1472 1473 835 9060 4935 6092 9934 9679 4946 5459 6869 4324 7387 9604 4701 3167 9828 1252 6759 7740 7271 3180 9709 1646 8431 6640 3442 2676 2025 2553 1022 4863 
3201 9003 2436 2053 4490 1163 5772 4034 14 3472 8850 2451 8084 1173 2639 8984 6215 1435 4124 2847 6304 545 5796 5157 3366 680 6313 5674 43 2220 4781 2610 3344 2996 55 8507 7740 8394 1472 458 6722 7747 4804 4935 840 8649 9802 5431 6091 78 2573 2256 1489 6869 598 1495 6106 7131 6112 1168 4964 2406 6503 2025 7271 3180 1646 8431 9972 5630 2682 9211 1022 4565 
896 1449 43 7557 6919 8499 7962 6689 3180 8984 7532 8730 1435 4124 2333 2590 2847 4001 9762 4646 3623 9426 6313 8491 1453 6190 2097 2610 6579 2996 821 4150 2738 7337 1979 3260 9802 9032 4277 1472 7073 706 7747 8263 1352 7628 3914 7116 9934 9679 2896 297 4180 6869 5208 7001 9690 989 2142 3167 8929 3812 3637 6215 700 8044 9709 1646 1457 242 6643 9972 545 2025 4296 4733 5630 7740 
6763 1924 2053 4487 5772 4254 3344 4881 8850 2451 8885 9624 2202 8987 4124 6106 2078 7073 9762 7387 5796 6313 9515 9077 1182 2333 6448 1714 4979 6836 821 55 3384 8762 700 8126 6069 1088 3446 6470 4935 4296 969 9802 6731 1634 2871 6158 982 1495 7001 4919 5595 4701 8414 9314 2787 9060 7271 5052 8811 877 8984 8571 4219 3956 2677 6518 4201 9211 5562 
4352 2436 2053 6919 6664 3180 4565 4107 14 3472 4881 8850 6165 2738 857 4377 8730 6299 8093 2078 7968 545 9115 7494 3366 7336 5673 8619 3757 1182 9774 561 2610 821 183 3316 8762 700 3433 8130 1163 3446 7622 4935 3914 5431 6092 78 1489 2131 6869 6916 7001 9179 4701 3167 3344 4219 4646 7740 8358 8044 1646 6781 8571 1562 9939 2676 2166 6313 3637 9211 4733 6158 4863 
5562 9515 6916 5078 4487 3336 4124 5772 4366 43 2451 8084 4032 8730 8431 4764 2078 5409 9179 8358 3623 2601 6919 2220 1327 8497 8499 821 4919 3384 8762 6203 7740 8394 3261 6069 1472 7073 706 835 4804 4935 9032 3914 183 7628 1634 78 9679 1473 5283 6869 4182 5593 3549 7131 4701 9314 1252 6503 700 3180 2671 545 5630 3446 9577 55 1022 4863 
5281 43 6916 8199 8072 3180 9211 3344 2451 5193 1173 8984 4377 8730 4506 9191 4125 1182 6943 6689 9179 3623 8044 9604 8491 2738 9774 1327 6203 2610 6579 2996 9909 8499 4745 3384 3828 5562 8507 6069 9690 7746 835 4804 545 6686 8394 78 2256 7747 9003 8378 7012 6106 7387 4701 2787 4324 1252 6503 9577 7271 7532 8557 622 2671 6640 3956 6813 6518 9467 7423 
2560 8491 4740 6919 5642 1163 3089 6479 8084 857 6916 8730 6299 4124 4765 1182 8987 4646 3623 9515 6107 3637 9774 4400 5297 2610 8499 2996 9269 310 4919 3128 1339 700 9802 8767 9690 3524 5283 8929 3148 3914 8140 78 9679 3847 2872 2131 6865 1495 9060 6106 9179 3549 8414 4831 8545 1634 4487 1252 3729 2536 4804 3180 8557 1646 7741 4935 4212 2166 6907 6652 4733 1022 5631 
512 2560 8491 2436 6919 3336 8520 5642 6158 8719 1168 43 8984 6916 8730 1435 1564 2333 2078 7073 5796 3366 2343 5167 4266 9515 2220 1327 2097 1714 2996 821 4296 55 3384 5562 6203 2236 9546 8772 1472 7746 2628 3446 4935 1352 3914 1562 2256 9813 9046 7001 6106 7387 9949 3167 3344 9314 8358 7271 2025 2027 3697 3442 3520 6517 2166 4219 6268 4863 
2436 3180 906 5772 9179 1168 8984 8850 2451 4565 6037 6423 9624 8473 8730 1435 1182 3616 161 9115 2525 428 6313 9003 2220 5167 6203 3147 2996 9269 55 9972 8762 8507 700 4490 1077 7073 7746 835 4001 713 3914 4919 6092 3277 78 2871 6869 8279 7001 7387 3549 1634 4219 3812 2789 5052 8044 1339 1646 6640 4979 3828 3829 4964 9467 6268 4863 
5562 8491 2436 5590 1670 2924 4565 8772 3729 8850 2451 8084 1173 3829 6423 1220 8730 1564 3151 6689 5027 9003 7338 9515 9644 6215 1327 3760 8499 2996 9269 1590 55 4920 3316 8122 6203 7740 458 1086 6069 1472 4673 7746 68 4935 9802 1562 9179 9679 3384 2131 6869 6916 1495 7001 6106 7387 5725 6112 8929 6810 4804 8811 8044 877 6640 242 9972 5109 9577 6268 4733 9470 5247 
2560 43 2436 7813 8199 4490 3083 8972 8130 14 2283 656 4881 8850 2451 1173 8984 6916 8730 9115 4764 2333 7840 545 9762 8611 7204 1723 8358 5416 6236 8875 1327 8497 2738 6836 3637 1590 823 8122 6203 1472 7746 1220 3446 9158 2027 2764 9549 9806 9679 931 4180 6623 8378 857 6106 7387 2573 4701 3167 1634 6763 293 4201 8811 3180 5742 8431 6640 7592 6643 2166 2553 8571 6652 
1536 4352 4523 2053 3847 3180 906 1163 14 7597 1168 4881 8850 2451 8084 9260 8984 4804 7962 9115 4764 1646 2847 7968 7073 5339 7337 8875 2220 8378 6190 3549 6526 2996 821 183 3384 8122 8507 7740 9504 7747 68 6470 8263 969 3914 55 6091 78 9679 1489 8608 6869 2553 9690 3151 989 5595 1634 2787 9828 5052 8044 622 8431 6640 9972 6517 148 9467 5630 
3627 3330 8875 6916 1163 5772 9487 4881 6643 5230 8984 9604 8730 9115 4124 1182 2719 7840 9179 8619 5167 8497 6579 2996 821 4150 4919 3384 1979 7740 8126 6069 1473 7747 3524 1352 8588 9802 6091 923 78 3151 9426 9829 2283 7001 9690 7387 7819 4701 1758 6501 992 8929 5983 6523 2789 9191 8811 2028 8557 1646 6640 7921 4277 3828 2166 8953 4219 
2560 8875 6916 2053 774 6215 3344 4124 4368 401 1043 916 8984 4201 8730 5167 4764 7962 1182 7840 7073 5796 9003 5802 9515 2605 9774 4701 1714 6836 6686 3384 8378 8507 700 2677 1472 1473 4935 1352 969 9802 1634 78 3151 5459 4437 43 1495 7001 5595 3548 9949 4581 6112 3472 9314 9211 2406 1510 7271 3433 6640 3442 4219 6517 6518 9577 8084 9467 7740 
2610 2566 6919 6280 3180 4124 3472 4881 9923 8084 6165 8984 7962 8987 4764 1182 3616 4001 9762 5595 7462 2855 6313 9515 2220 3757 5167 1714 6451 2996 6069 5897 3384 9145 8378 923 7740 458 8767 835 1220 7073 4296 9802 7116 78 9260 3847 2872 821 8279 7001 3549 7387 4701 8414 992 1168 9211 4964 3637 7271 8044 8557 1646 5746 2416 242 2451 3956 545 6518 9467 6781 5630 
512 896 43 9604 6919 522 1495 9026 6158 3599 3729 8850 2451 7959 8984 8730 8987 1562 2078 545 5283 3366 3623 9515 2220 9774 3083 2097 2610 2996 8373 4919 5562 6203 9269 9690 7746 835 68 9078 1352 55 4428 1634 2027 1489 7747 4601 4565 2553 7001 6106 7131 8378 2343 9314 9211 4487 7909 975 6503 9577 1511 7532 622 7271 1138 9972 2677 6518 6069 9467 
1536 645 6919 8968 8499 5772 14 656 8850 5193 6037 2202 6299 2078 561 7073 7387 5796 8358 6567 7337 3151 9515 9077 9774 1327 2097 6579 1182 4150 183 3384 9972 8378 6203 3644 1341 821 4034 7747 545 1352 6451 9802 55 6092 9679 1872 5283 4565 9046 1495 7131 7628 1077 8414 6111 992 2343 4219 4324 2536 4201 6158 3623 8044 1646 2799 6640 7016 3828 2677 297 7928 9851 
4863 2560 5897 2027 2436 2639 3336 3180 4490 6411 5772 8431 3344 401 8850 1043 4804 6037 3865 2202 1435 4124 2333 2590 7073 9762 5027 1723 423 680 6313 9604 7271 9645 3374 4125 8520 2610 5193 4565 3128 1593 8378 8507 1472 706 3083 68 310 4935 840 2764 923 78 7423 4180 8044 6106 7387 6479 6203 3729 2025 8811 7532 2799 1979 545 7337 9467 5630 6869 
2560 9515 4740 8491 6919 9260 1163 14 43 8850 7747 2708 8473 8730 2202 3616 5409 7462 8497 9931 6313 5674 3847 428 6215 9003 6448 2097 2738 6579 2996 6069 4919 3128 1593 8378 6203 7740 3637 1088 7746 835 4804 9078 7073 4296 7628 55 8140 5069 78 2256 3384 6869 5590 5431 7012 9690 7387 9604 6622 6111 2787 3812 8358 6503 5226 8811 7271 1906 2676 6518 9211 6268 4437 
512 43 6916 2821 1670 8199 906 1495 5772 6773 4881 8850 1173 857 8730 9115 1564 1562 2078 7840 5167 1723 6313 8875 7271 1454 1327 821 5431 4201 1339 700 9546 3637 1472 458 7746 835 4804 8263 7116 3914 6092 4124 2027 5459 9941 8279 7001 9690 9179 6236 5642 4219 9802 6503 9577 8811 3180 2799 6640 3956 545 7337 7928 2553 9467 6268 4565 
5761 2436 2566 3344 4107 5068 6091 3472 4881 6165 7318 6916 8730 8431 1182 7073 9762 5595 774 8358 2343 6313 7338 5431 2220 7597 3374 4957 8497 6069 2230 969 5703 8507 1674 3637 9931 1220 1093 4769 8649 55 923 78 6479 9426 4180 6869 8279 8772 9690 7387 297 4831 8545 1634 6203 6501 9191 4875 9322 3051 8044 2799 1979 6517 2166 7337 4219 5630 
1536 4352 43 2436 1163 14 7740 2451 1173 8984 8473 7962 8987 2333 161 5595 7204 8497 923 6313 9604 8875 4396 3757 1327 4400 2097 6451 821 4919 5562 6203 3644 9802 9909 7495 7747 2166 4001 3914 6091 6092 1741 78 5167 6869 6916 9690 7387 8414 4831 8545 1339 4324 9448 9577 3180 1646 2799 3442 6518 2553 656 9211 6652 5802 4863 
5281 645 297 8044 5772 706 6158 3344 3729 9096 1043 6037 7959 8984 8730 1435 2333 9504 545 7131 5796 3366 3623 5167 5802 8491 1453 6190 4701 1327 8499 821 4150 9851 8122 6203 7740 9802 3637 1472 8130 835 4935 6858 7628 8885 7747 5283 4318 8762 9690 7387 6236 9949 8414 3167 1646 9211 8358 6503 9577 7271 3180 5742 7741 2416 6643 2166 7337 7928 2682 9467 923 5631 
512 8497 9003 2436 2053 4999 520 9644 906 6091 3472 2451 4377 4032 8473 922 4765 561 5281 8730 7131 2097 7337 7338 9515 7271 5167 5297 8499 1077 55 9972 1924 4810 3637 1472 1473 7746 7747 4804 2166 1352 969 3914 6731 3277 78 9679 5283 4565 6916 7012 7387 9949 5595 6623 7423 9314 5348 1252 6759 2536 8811 2799 6640 3956 2560 9467 6268 5674 9802 4437 
2560 8321 9515 9604 4487 5281 3083 5772 5698 1168 43 2451 8885 8984 7012 8730 4124 1562 2078 1077 161 3366 3623 6313 6517 8875 9260 3637 8520 6836 9909 4673 4919 8394 3167 700 6858 6069 1088 9504 7746 7747 68 7494 4935 1352 8649 3914 7073 3384 1473 2131 8932 9690 7628 4701 6622 4831 1634 8507 9802 1252 7740 8044 1646 9470 6518 297 5630 4219 8700 4266 1022 
512 8619 2436 902 9223 6280 4396 14 1168 4881 7747 4804 5746 8984 8473 2333 5409 7131 2566 3366 3623 6313 9604 9515 2220 3442 9774 1327 6448 3336 969 6579 2996 9909 310 9271 4920 700 9802 821 9690 835 2628 4935 8649 9546 7884 9179 9679 1872 4946 2131 4565 8437 6106 4571 5595 4701 8414 9314 1252 6501 7740 6092 3180 877 5742 6781 8072 3260 2677 9577 9467 8060 4733 4863 
512 4863 6787 4740 1670 3847 2028 5642 1163 5772 14 3472 9003 8084 2325 8984 1562 5167 1564 1646 1182 545 7387 4646 3623 4764 9223 2220 1327 8497 2996 183 9145 8122 6203 7740 7741 1472 458 5698 68 7622 4935 1352 969 9802 3895 7423 8273 2131 8662 6105 5595 4701 3344 9314 2787 9060 6479 6503 2025 8811 3180 5742 4463 3442 4219 6518 9577 2553 9211 1173 
512 4224 6787 2053 2566 9223 4506 3180 906 1163 6031 3472 8850 8984 4377 8730 5167 4765 2078 9504 4001 7387 5796 8922 6313 7338 4935 3637 1454 1327 3760 2097 8499 2996 6069 1590 183 8507 5052 5642 9909 1472 1562 835 1220 8929 840 8394 6731 7884 78 2896 6689 5459 6869 5590 9032 6106 9269 9949 9825 9314 4324 2025 8811 8044 4206 8431 6640 3956 2560 55 8767 6652 1022 
9003 4740 645 3847 91 6916 3083 5772 1168 4881 2451 8084 6037 4377 8730 2333 2078 2847 3872 4001 1489 5339 7204 3366 7337 7338 9515 9644 1182 6919 2097 1714 6069 4919 5562 3260 4789 706 68 453 545 6865 458 6091 7628 1634 3344 8017 297 211 8662 8772 6106 7387 5283 9949 3167 1761 9314 3729 2536 7740 2027 3180 767 622 6691 8437 9577 9081 9467 4988 7423 
3627 43 1924 598 774 6919 1163 14 9179 4318 6787 4804 7387 8984 3865 1562 1435 4765 1182 7840 5339 5796 1670 7462 5167 4487 2605 1327 3760 8497 2610 821 4919 3384 9145 6203 700 9546 6069 1472 4034 3524 9078 1352 3914 78 2256 5283 6869 8662 8279 5208 1252 9690 7131 7669 5595 6111 1634 2787 3812 7909 6503 8811 9003 2970 7271 242 627 6517 6518 4219 7741 1339 
2560 6787 6916 774 6919 7532 1163 785 8850 9923 8984 7741 1562 9115 2333 7840 6689 5796 902 6313 7338 6092 3637 9774 5167 3760 2097 1489 8499 2996 821 713 428 8394 6304 6069 1472 9760 1090 835 9690 4935 1352 969 9802 3147 8140 78 2256 4789 2131 4565 7716 6106 7387 9269 1761 1634 4219 1252 7271 5459 3180 1646 2799 9968 2451 9467 4296 5630 
3627 299 6916 902 6919 6280 428 14 3344 3729 8850 2451 8084 8984 8730 1562 2078 5409 8497 9003 9515 2220 3442 1182 3549 4400 2097 5281 2996 6069 183 8762 6203 3644 7741 4935 1473 835 2166 6664 4001 2764 55 7884 2256 1489 7747 2131 9941 8279 6622 1252 7387 5562 8414 9077 1339 4964 7271 7016 9148 6158 2027 8557 1646 3261 8072 6517 6518 2553 9211 9322 4565 
3843 2436 6919 7532 7962 5772 8130 9829 8850 4804 4377 8730 6299 9191 2333 5796 8358 3881 7338 2347 1453 6703 8520 821 4150 4919 9145 6203 7740 8126 9269 1472 4964 835 1220 453 4296 7116 458 7115 1562 78 3327 2799 3812 9690 6107 3007 8414 3167 8929 1634 2787 4324 1252 1767 9322 7271 8044 8557 1646 2671 6898 2677 2166 9223 3637 767 1339 5802 4863 
4352 7425 9515 2436 6919 8968 6215 7962 1163 5230 14 9179 8984 8850 2451 6165 6423 9624 8473 922 9115 4764 2333 2078 9504 7073 5595 8875 299 2220 4909 9774 1327 3374 6069 9271 3384 8378 1723 7740 8394 3637 4032 3083 4935 9032 9802 183 78 2639 8273 4563 6869 982 6999 7387 8414 1979 2406 4881 9577 3627 619 8044 1646 7271 6518 55 9211 9470 
8875 6916 2053 6919 7532 1163 14 6097 2451 2708 1173 1562 7962 2078 6304 5595 3366 3623 7337 7338 9515 6107 5746 1327 6069 4919 3128 6203 5052 8885 3520 7746 6091 4804 8263 713 3914 9931 2764 78 2256 3384 4946 4565 8662 2553 6106 7387 4318 2789 6112 1634 4964 4646 6503 744 7740 6158 3180 877 1646 2671 2416 4935 6518 297 1657 9211 1022 
2560 9219 4740 2053 774 4999 4745 4124 5772 9191 14 3344 401 8850 7747 7318 7959 6916 8730 5167 1564 1182 161 8358 2343 9931 6313 7338 9515 9774 1327 2097 3147 8499 6236 6069 4919 2872 9972 5562 3260 829 8126 821 9923 6215 4296 969 458 6731 5069 78 7423 4946 5459 8662 8279 9604 9744 1634 3812 1511 8811 8044 1646 7741 9909 3956 545 2166 3729 7029 4219 4733 4863 
7151 6763 2436 645 2028 5642 1163 5772 8130 2677 1168 8850 1646 2639 7959 8730 1327 4764 4765 4001 5283 7716 1723 8358 6567 6313 7669 2220 7597 6319 2097 8499 2333 9269 183 3384 8378 8507 7741 3637 4673 4964 3083 4804 6518 545 7116 458 7628 3344 3151 8885 4946 5459 6869 982 7001 6106 7387 6107 8929 1339 8932 2406 6503 9448 8811 8044 5742 2799 3314 2676 6517 3623 1657 9211 6268 
6423 6657 8875 2436 4437 6919 9260 1163 14 4368 4881 2451 1173 7959 8473 8730 923 5281 2970 453 3616 6689 4646 6313 9604 2347 2220 6215 3760 5297 8499 9909 3384 9972 8378 7740 3914 8767 2197 4277 706 4324 4935 1352 6858 3344 8017 4946 6869 5689 4705 7001 6106 7387 297 8545 3812 2789 1510 6158 1646 2799 3442 1043 3956 6518 7337 6069 4219 4296 5802 9802 4565 
2560 2027 6916 2566 6919 8072 4396 1163 6091 3757 4318 3089 9644 7959 8984 9604 8730 6299 8030 2333 9504 545 6567 4745 7338 9515 428 2605 1327 9032 2610 5281 3637 55 8122 8507 7740 8394 4034 7747 4219 2166 7495 1352 969 6858 9931 6092 78 2896 6097 6869 7001 6106 7387 8378 8414 9314 2787 4964 1252 6810 3729 9448 4201 3623 8044 877 1646 2799 7592 627 3956 2677 9078 9211 1022 
43 2436 2821 774 4487 9644 5772 9179 3472 401 2451 8084 6165 8984 4804 6215 1435 9191 2333 2078 9504 7073 5595 2520 8742 2601 9515 4396 1327 1714 8499 8373 969 5562 6203 9802 6069 9931 68 7622 4935 1352 8649 3914 7115 6319 78 2871 2131 821 8199 6106 7387 7271 8414 8929 9314 4579 6759 931 8811 3180 1646 2799 9968 3442 1043 6518 3729 4863 1022 6869 
5281 5562 8875 6916 2053 4999 3336 2028 3344 14 3757 9032 3089 2451 8084 7064 4377 8730 5167 9690 2078 7073 5283 5796 3366 7337 2347 2605 559 2097 2738 8499 8373 55 1924 6203 3260 3261 821 1472 835 1220 4935 1352 545 6731 78 9679 2256 4565 2202 6106 9269 4701 8030 8929 9314 2787 1252 4646 6503 7740 8044 3314 1043 3956 7669 6518 2025 6069 6652 5630 4863 
9515 2436 2566 6919 4506 6215 906 43 8850 1043 4804 9774 4523 8984 3865 8730 8987 1562 2078 7840 5409 4646 9003 9604 8619 9260 8394 1182 1489 6069 4919 3128 1339 7740 5642 4789 9690 7073 7746 7747 68 4001 9802 7628 9679 3847 3384 7495 2131 8199 5348 6106 5052 5725 8414 2256 3812 1252 2406 3729 2025 8811 622 6640 3442 545 6517 2186 2553 8929 1022 7423 
5562 7740 6916 2309 3847 6215 1163 5772 4034 6158 1168 8850 7423 5631 9624 4377 8730 1562 1182 6689 4515 5796 8358 4999 4396 8499 2996 9909 4919 1924 700 9802 6069 545 7073 7746 9923 4324 7622 4935 713 3914 6092 3151 2256 1392 5459 821 8378 5208 5348 9690 7387 9269 1761 9314 4579 3812 7909 6865 5052 3180 1646 6781 6640 4979 5698 9078 6518 4863 4733 6869 
1536 6016 6787 9604 2053 5642 1495 8130 6158 6031 4368 7747 7116 6423 9624 1339 4124 6304 7073 5796 8358 6236 7338 9515 1327 4400 8497 2610 2996 9269 3384 8378 8507 7740 522 6069 706 835 2628 6518 1352 7628 9802 6092 78 2896 1392 2131 6869 9046 8557 6106 7387 5052 9949 8414 9825 1634 2787 7016 2025 8044 9709 1646 8571 2416 3442 5459 3829 4579 9467 6203 5630 
896 3008 8619 2436 902 522 6304 2573 6091 7740 2451 8084 6165 8984 4377 8730 1564 7840 5409 9252 774 4646 2343 680 9003 9515 2220 3757 1327 2097 6579 821 183 5419 8762 6203 700 7741 3637 1472 4673 7746 835 2166 5281 9032 4810 8875 6092 9679 9972 8662 2553 7387 9949 8378 1634 2787 6501 9968 619 8044 8557 8431 6640 3697 3956 6517 6518 4201 1657 9467 6652 6781 7423 
2560 7243 299 6523 2053 2566 5703 1163 2027 6158 656 3729 9620 2197 8491 5167 2333 645 545 9179 5796 1723 6567 9515 2220 1979 3374 4701 7472 2097 2610 2996 2230 183 7352 2525 8507 3006 1472 7747 1220 8263 7116 6091 7628 9934 463 78 2131 4180 6869 2764 1252 9690 7387 6364 9949 4318 4831 8929 1634 2787 8932 6759 6503 1138 627 2677 3321 5630 9211 1022 4565 
2560 3627 8875 9604 982 7532 4565 1163 2573 14 2677 3344 4919 8850 2451 2166 7029 4804 8730 6299 2333 5725 3366 2343 7336 5167 8619 78 8378 6215 1327 2097 8499 821 9271 3384 5562 6203 7740 9546 6069 3008 835 2628 1093 8929 7628 3914 183 6092 9934 6869 598 8279 6106 7387 9269 3167 8545 6503 744 3433 5226 8811 8044 622 1138 6643 6517 6518 2601 3729 2553 1022 8191 
2560 4032 9003 6919 8968 5281 5772 3471 1168 4881 2451 8984 4377 6107 4124 2333 161 7747 7387 3623 5673 9515 2220 3374 3549 3760 561 6451 6836 1077 183 8394 1979 700 9802 3006 1472 4673 835 5283 7073 9032 2764 4810 6091 6092 2511 6097 4946 4563 823 7896 7001 7131 7271 5803 1634 1252 2789 1510 1767 7740 8811 8044 1646 2799 8010 545 9080 3834 4219 8060 4863 
43 2436 902 6919 8968 3180 906 1163 706 4881 9923 1173 7959 9624 7532 8730 8987 2333 1182 9504 5409 7387 7716 1670 4646 7337 9604 9515 2220 3757 6319 6448 6579 6069 55 2872 428 7740 7741 8126 9909 1472 8130 835 1220 453 161 3914 7884 3847 4946 5459 2553 5593 6106 5595 9269 4935 4831 8545 1634 4219 1252 401 744 7271 8044 242 1657 9467 1562 4863 
1536 1449 8358 8662 4437 4565 1163 6158 9487 8850 7423 2713 8473 8730 1435 1564 2333 1182 2847 9504 545 7387 6470 7462 680 5673 8619 2220 5167 6579 4150 3895 3384 6203 700 4032 6304 706 835 4804 4324 7494 6092 458 5431 7884 78 9679 8273 7747 5027 6869 9046 8557 7001 5339 7628 3167 1634 7523 9828 2789 1495 6503 1252 7740 7271 3180 877 1646 2872 1392 4979 7337 9211 4477 4124 9941 
2560 9644 3083 5772 656 2451 8084 1173 9624 8730 4124 2166 6304 931 3623 6236 561 9515 4396 1327 2097 2996 3637 4150 55 8378 6203 3260 9661 3774 3520 8130 4804 1093 4935 9032 2764 9802 6091 6092 78 7423 2256 3446 2131 6869 1495 3549 7387 5052 4701 3167 6112 2343 1634 2787 1252 7271 7740 8811 1646 8571 5459 6517 6518 7928 4219 4565 
1924 3201 9003 2436 5562 3336 428 6916 1163 4001 3472 4881 8850 9774 4377 8730 2333 2078 6304 5409 896 5027 5796 6567 3151 9515 2220 2610 1182 6319 2560 1714 6579 2996 821 1590 9191 1593 8122 6203 7740 9546 1562 9923 5283 8263 840 4810 7115 5453 463 1536 5459 8662 9690 7387 4701 8030 9825 9314 8507 9802 2789 1510 6503 2025 8811 564 5742 5746 5642 4935 4979 3829 5630 1657 7271 1022 1173 
6423 8619 4740 3847 8968 1163 6158 1168 8984 8850 2451 4377 9624 8491 4764 2333 2078 4001 5595 8358 9003 7338 2347 1453 1182 5167 4400 4296 2448 6451 9909 4673 2872 5562 6203 9077 8394 8437 1472 7073 1090 835 6689 840 7116 6858 9931 6091 3344 2256 7747 2131 8662 1495 3549 7387 3548 9949 5215 8929 2787 1252 3729 7016 8811 3180 877 9968 2161 9972 6517 9223 4863 
4740 645 2566 4487 8968 3623 522 706 6158 8719 4881 7747 2286 8984 8730 1435 8977 2590 7968 4001 923 2212 1670 8497 6313 5802 9515 1453 3374 5297 2610 3637 4919 5703 5562 6203 7740 8885 7746 9923 3446 2226 7073 840 8649 8394 7116 9806 3327 9297 6773 6869 8279 6872 5593 9690 4701 4318 8929 1339 4964 2789 401 8811 8044 1646 5746 545 2677 2166 9080 4219 4988 5630 4863 
3201 9003 6916 645 4506 3180 1163 706 7116 8850 6037 5631 8730 9115 4764 9757 1182 7073 9762 7204 8358 3623 4124 5802 2347 9260 4909 1327 2097 2764 4745 2623 8378 7740 3006 8767 1472 9690 1562 8772 453 8262 8263 7628 9802 6091 6092 3277 2573 5459 4565 8279 6106 6107 3549 8414 3167 9314 7012 2536 9322 2343 8044 5742 5746 6640 3442 4979 3956 545 6526 297 5753 9211 6781 5630 1173 
9003 5590 1670 3336 522 5772 9191 6091 3344 4881 2451 1173 8984 8730 1564 2333 1182 645 7073 5796 4646 6567 4124 8619 6701 726 2996 6069 2871 4920 5689 8122 700 8394 4032 4673 7746 835 2166 8929 840 8649 2078 5431 8140 78 4946 4182 1495 706 36 5595 6364 8378 4318 8545 1252 3729 7740 9322 8811 8044 7271 3442 1043 9972 2677 6518 4219 6268 
4352 3829 9604 1670 6919 3623 14 8850 7747 916 1173 8984 8473 8730 5167 4764 7840 7073 4460 9851 5796 8358 4775 6313 9003 2220 1327 561 2610 8499 821 4919 4920 4724 7740 458 3637 4032 8130 9923 1220 9032 3914 6091 5965 78 8273 2131 5339 7716 7387 6364 4701 4831 8929 1634 9211 7012 1252 7271 9191 3180 1646 7413 3442 4979 3956 2677 3446 2601 2682 9467 4733 1022 7423 
512 4523 4740 902 6280 2924 4490 1163 14 8772 8850 7747 7413 6165 9624 7012 922 4124 8730 9504 4001 6411 9179 7716 2525 8358 7337 8875 9644 5167 8497 2996 9909 55 8762 6203 700 829 6304 4789 1472 458 4802 835 4804 4935 4296 3914 6091 6092 9938 4437 9046 5208 9828 6106 7387 8378 992 8929 9314 5630 4324 1252 6503 5052 7271 7532 4205 1646 5746 545 6517 2553 4219 4988 1022 6037 
4224 1536 9003 1924 4437 3847 4565 1163 8557 3344 4881 8850 2451 5431 8984 9115 2078 3872 545 9179 5796 561 680 9515 5725 2097 2738 2996 821 4919 9972 8378 4831 7740 7741 3637 458 1090 68 6215 1352 8140 9802 9271 7884 9934 2256 6865 4946 6691 6869 8662 8199 7001 7387 4701 8414 3167 8507 1252 9958 6503 7271 3180 9709 1646 3956 3829 9223 2553 2682 5247 8191 
6144 4032 2027 2436 2097 6919 9644 8719 3344 2708 7318 7029 7064 4377 7962 1435 4124 9690 1352 161 6299 5796 3366 4263 1449 9604 5419 2220 1327 5297 9972 821 1590 3384 4212 8378 458 6069 1472 1473 7747 68 2166 8263 8987 9802 6091 3277 9934 2256 4946 931 78 5078 2553 1252 6106 3446 8414 4324 7271 9577 3623 2028 6640 4935 3956 2677 6518 4266 8084 8571 8060 4733 1022 4437 
9972 2347 1924 428 6304 5772 14 6701 1168 4881 2451 8084 857 8491 8730 8093 1182 7840 4001 3366 3623 7336 6313 7338 8875 2220 3442 1327 2097 3147 8499 2996 8060 4150 183 3384 4724 8507 7740 3006 7073 7746 9923 1220 6689 545 9931 6091 9604 2131 6869 2553 1252 6106 6364 8929 6907 3812 6503 9577 2343 877 1646 242 1043 3956 3829 6518 1657 9211 767 4565 
1536 5761 2283 645 3847 5897 7962 3083 5772 656 8984 2451 5911 9624 8730 4124 9690 2078 2719 9504 6689 1058 7387 548 4775 7338 9003 3637 1454 5167 4400 2226 3829 2996 821 4920 1723 3260 9269 3777 6722 1163 8772 3446 5068 5281 969 2764 6479 4180 598 7012 6106 7131 6236 2343 9833 4219 3812 2789 7271 7740 3623 3379 6107 6517 2166 3575 3321 6144 9211 6781 4863 
2560 6657 5419 6916 2053 2566 4487 4490 5772 9487 4881 8850 7423 1173 8984 9604 8730 2333 2078 5027 902 8358 3623 6313 5674 9515 1182 9003 6448 2097 8499 6069 1590 4919 1593 8122 6203 2236 1077 1472 7747 1093 1761 1352 8394 55 9679 2131 9211 6869 4182 4324 9179 4701 293 8929 1634 2787 5348 1252 7271 9191 8044 1646 4935 5459 6518 7928 9467 8060 4565 
512 3008 9577 774 4673 3336 3180 906 1163 1168 4881 2451 1646 857 9624 8473 8730 1327 6810 7968 7073 1220 9931 5673 6215 2220 6190 8984 2097 5170 9909 3616 4920 8378 6203 700 3914 8126 1472 458 8130 835 3524 453 4935 713 6858 7115 6016 5459 4201 7716 7387 7819 4219 3812 2789 7271 2236 8044 5742 6640 2416 3442 545 3828 5109 3446 2025 5630 9851 4988 183 1022 4863 
5281 9288 9003 2436 5078 2566 8499 4490 1163 14 3344 916 6037 7064 6916 8730 1435 4124 2333 9504 6689 5339 428 9515 2220 8378 1454 1327 5297 2610 6579 2996 3637 2872 5562 6203 7740 1341 3008 416 1562 4804 7494 545 4296 9802 6091 7884 78 463 2256 9644 6869 9046 2553 7131 4701 8414 4831 9314 2787 4324 1495 7271 8060 9661 2416 3442 1657 9211 4988 1022 
5562 2436 774 6919 8968 5281 4565 4107 4881 8850 2451 8084 3865 6916 8730 4124 545 902 8358 2343 6313 4487 5167 3760 6203 8885 55 3384 8122 3167 7740 9802 8130 7747 453 4935 9546 4919 8140 78 9679 6869 8378 8199 7001 4701 8414 4831 8929 4219 4964 1252 6759 1767 8044 8557 2671 6640 4083 9972 7669 3446 2553 9211 6268 183 4863 
7740 6919 3336 5281 4565 1419 5772 14 4881 5631 8984 7012 8730 1435 7741 1182 5409 3446 4263 6313 561 9515 78 9833 5297 6579 6069 4673 4919 5689 7962 6203 700 9802 8126 7073 6722 2166 161 6858 9931 8497 9934 8017 4946 2131 6869 8378 4324 7387 9949 8414 6111 8929 4219 3812 1252 9577 6158 3623 2028 877 2799 6640 3697 3442 5459 8571 297 4964 9211 5802 4863 
9515 4740 645 6919 3336 4565 3083 14 9003 2451 1173 3993 6916 8730 1435 2333 2078 7073 5796 3366 3623 5673 2347 9833 1182 5167 561 2738 6579 6069 4919 3316 6203 3637 1562 835 7819 2166 8263 1352 7116 3914 183 3148 78 8885 4946 6869 4182 4201 4964 9690 9179 3446 4831 1339 3812 7909 1252 2025 3180 1646 1392 9972 545 9078 6313 9467 4863 
1536 3008 5897 1924 2821 8968 8499 1163 5772 6158 4881 8850 2451 8984 7532 4506 1435 1182 6689 9762 7387 6567 923 6313 6215 2220 2605 2401 7472 6579 2996 1758 1590 4919 3384 116 6203 8394 458 1090 835 7819 2166 8263 4296 5193 9802 6092 78 3327 3446 8932 9690 5339 4701 8414 8929 4324 2025 2343 8044 1646 6898 9972 7669 6518 7337 5753 7423 6781 5630 9577 
2560 4352 9003 9604 3336 8499 6158 3472 4881 8850 2451 1173 6423 8473 8730 1562 4506 4001 5283 293 3623 4745 5673 5674 9515 428 6701 1327 6448 2226 6579 6069 4396 3384 6203 700 3637 7746 68 453 4935 6451 5431 7628 3344 2628 2131 2553 9690 7387 3549 6112 1761 1634 4219 5348 1511 7016 7740 5459 1339 1979 4563 9972 6517 3446 9081 9467 4988 183 5630 4863 
8875 6916 2309 2566 5897 1495 5772 6158 8557 4368 3729 6787 8084 7012 6423 8473 6703 4764 8619 1182 3872 7073 3366 2097 4124 5802 2347 6190 5167 5297 2610 9909 4919 3384 9515 6203 7740 7741 821 1472 1220 4935 969 6858 7116 78 6865 4946 4579 8279 5593 9690 7387 6236 5631 1634 2787 8932 6632 9577 3623 877 6640 3316 545 3446 2553 767 4988 1022 4863 
43 4740 6919 6280 4460 1163 5230 3344 4881 8084 6165 8473 2436 8730 6299 4124 2333 2078 7073 1826 5283 7204 3366 7337 7338 5419 8010 5167 6448 8072 8499 821 9271 3128 6203 7741 4032 4673 4804 453 8263 8520 969 9802 5431 7116 78 7523 9003 2553 6106 5595 9949 5215 1634 1339 8358 3729 7271 2028 877 1646 6640 4935 627 9972 3446 1657 5674 4863 
8811 6916 9671 6919 9260 5772 6158 7116 4881 2451 7001 9624 6215 4124 6304 5339 7462 6313 43 2220 3757 946 2996 9909 2738 3384 8378 8507 5052 458 8126 6069 1472 835 3524 453 4935 840 8649 8394 5431 6091 2027 1489 2131 9003 1495 5593 6106 7387 4701 1634 6203 3366 6503 7016 7740 619 2799 5746 1043 2166 3729 8953 3637 3196 5630 4863 
4352 2610 8619 6916 2053 6919 1419 8984 2451 2197 7318 857 9624 7012 922 5167 9191 2333 545 1826 5339 5796 6567 4124 9604 9515 2220 3442 7716 2097 1714 8499 6836 5193 183 7740 1472 7746 835 3446 7494 1352 7628 6731 7884 9762 2027 2256 6097 5459 4437 598 1495 7001 3549 7387 5725 8414 6763 4324 6503 744 8811 8557 3051 6640 6898 9972 2166 1657 4219 923 6411 
2560 7553 8875 9604 4487 3336 3180 1495 5772 6158 3344 43 8850 1043 4804 6165 8217 8491 6215 4124 4125 8885 3616 6689 8811 1220 8358 561 5673 8619 3757 9774 3760 2097 2610 8499 2996 7861 4920 5562 2236 9661 821 835 68 7073 4296 8649 458 78 3151 4789 4565 9003 8378 4324 6106 7387 9269 4318 992 2343 656 3812 7909 1767 619 8044 1646 3051 3956 545 7337 3637 9211 4988 946 
2688 256 5419 6916 645 2028 1419 2573 6158 9104 3729 8084 7064 1924 8730 9115 2719 7840 6689 7387 7337 7338 8619 1327 7472 2097 2226 6451 2996 6069 4919 4920 1593 8378 8507 7740 6858 3008 9078 7622 7073 1352 3914 55 5897 9179 2027 3446 5027 8662 3144 5595 5725 1758 6623 3344 8418 4324 2406 6503 7271 8044 9426 6107 4463 6640 3442 4083 9972 6518 297 4219 6781 5631 
1536 8619 2053 774 6280 9260 8060 3083 5772 6158 9179 7740 4881 2451 8984 8730 8987 4124 1182 2416 7747 5595 2566 3366 3623 7336 5673 7338 2347 428 5725 2097 3344 6069 4919 8378 700 3637 835 68 3446 7622 4935 840 969 458 5069 78 4988 4565 43 5208 6106 7387 5052 4701 8414 3549 1761 1634 7909 7151 2236 8811 622 8431 6640 1138 3829 2166 297 656 6652 4863 
512 2560 8875 5590 1495 8520 906 1419 14 8719 7747 1339 1435 4124 4765 2078 3872 7073 5283 7204 297 5802 9515 3757 1182 2097 821 55 4920 6203 7741 8885 1472 1473 835 4804 6215 1352 7628 9802 4919 6092 78 9679 8273 4946 6158 9046 8279 7001 9690 7387 8414 8929 9314 2787 2406 6503 9577 8811 2028 3442 1163 545 4201 2553 7423 
512 2560 8875 1924 2821 6919 1163 5772 6158 3344 8850 6787 8084 7959 8984 8730 9690 2078 7840 5431 5283 5796 2343 9003 7338 2347 3757 1182 1327 8497 3829 2996 821 55 3384 4212 5562 1339 7740 2677 4032 6091 4804 8885 3549 5281 2764 9931 7628 5069 78 5631 2553 1252 6106 5339 4701 4318 6112 656 4219 4964 1495 4201 3180 877 3956 9470 1657 9211 1022 4863 
4863 2347 2436 4565 5247 4368 401 4804 9774 9624 4740 9115 1564 2333 4254 7387 5796 3366 3623 1052 6313 9515 428 1453 1182 4701 1327 2610 9909 4919 6069 1472 1473 835 1220 7622 6215 9032 3914 9931 9934 2256 7271 2131 6869 5590 6106 5595 9949 8414 1634 3637 6503 8811 8044 4946 622 8431 6640 3442 3829 6518 3729 2553 9211 9675 1173 
8811 2436 902 6919 5642 2027 9487 401 8984 8850 2451 8084 6037 9624 8730 1435 4124 1562 1182 2847 3760 9115 2566 4646 3623 9003 2220 3549 6448 9909 4919 8378 6203 2236 458 6069 7073 7746 835 4001 8987 9546 55 7628 5069 3344 9679 6689 7747 1495 7001 6106 3548 4701 2799 1168 8010 6503 4201 1767 8044 1646 2671 3895 3442 4979 8017 7271 6268 4733 1022 
5761 5897 8875 645 2566 6107 4745 1163 4254 6031 7953 8850 6165 8984 1562 6299 1564 9003 2078 7204 7073 1826 1435 5796 3366 3623 7337 9515 9260 4701 9032 2610 9909 4919 1979 3006 7413 9690 7746 1220 9078 3549 4935 840 8394 5431 7628 5453 3446 5459 4180 6158 8662 5348 6106 7131 9949 5595 8929 3812 2406 6503 9322 8044 8557 1646 2416 9972 545 6518 4705 9467 
4863 2560 8875 2436 2566 4999 3623 4565 1163 5772 3472 3089 8850 6037 8473 4124 8700 1182 3872 7073 8811 1924 4646 6567 6313 4370 9515 2220 3757 1327 4437 561 821 5027 4919 4920 8122 6203 700 9802 3637 6016 4804 840 6858 9271 7884 78 7352 2131 6869 9003 1495 1252 7387 5052 5562 1168 9211 4964 6503 7740 1767 1339 2872 1392 6518 55 9467 3384 1022 1173 
5761 4740 4957 9260 5772 8030 6158 4368 3729 2451 6165 8984 2436 8730 4764 4125 2078 545 8482 5283 3623 7337 5674 8875 2220 7597 1182 5167 5281 2996 4254 310 3128 8437 8762 8507 7740 3006 3829 5698 835 4935 8588 8394 7116 3344 1068 2256 2872 6107 6869 6916 5208 2590 7387 9604 8378 8414 1646 8929 6503 4201 8811 7532 9709 622 7151 6640 5746 7795 5109 1449 2553 4607 2142 6781 5630 7423 
4992 896 8875 6916 598 6919 4565 4107 5772 14 3599 3472 4881 8850 2451 2197 6423 8984 8491 1562 7073 5796 8358 3623 9003 7338 2347 3637 8499 9269 4919 4920 8378 6203 700 6069 1088 1090 1163 4804 4296 458 5431 7884 78 3384 2131 1195 6869 8662 2520 5593 6106 5595 9604 3549 992 8507 9829 3729 744 7740 622 2799 2676 6517 9577 5208 5630 9467 1339 1022 4863 
8619 6916 2821 9931 6919 2028 6304 4368 3729 9003 1043 622 1339 922 1327 4764 2333 2078 2309 9504 161 7747 5027 6313 2347 2220 1182 4701 2610 2996 821 183 4920 4724 8122 6203 7740 9802 3006 9269 7073 835 4001 6092 3914 55 7884 9179 2256 4946 9813 9046 8437 9690 5339 9949 8414 3167 8545 9314 2787 1252 7909 6759 9448 700 8044 877 5742 2671 4935 3956 2677 2553 9851 4988 4863 
512 3201 9003 2566 6919 4396 3083 5772 6158 3344 4881 8084 7387 8984 4377 1435 4124 6943 9504 4001 896 6299 3366 561 7337 8875 428 3442 8520 4701 4400 8497 6069 4919 4920 5562 6203 700 8373 545 7073 4804 8263 1352 7628 4810 6091 7884 9679 1392 2236 4565 2560 6105 5595 9949 8414 4831 8929 6503 3260 9191 8557 6640 4935 5459 3956 2677 2937 7271 7740 
5281 9604 4437 3847 3336 8499 9620 1163 6158 8850 7747 8084 8730 4124 4125 2078 9504 7073 297 9003 2220 3872 6523 6703 6448 2610 6579 2996 6069 4919 3128 6203 7740 1077 1472 545 1419 1220 2166 4935 840 3914 183 8140 1634 9934 9679 1489 4563 78 9046 5431 9690 9644 9949 8414 9314 2787 4324 2789 8044 8571 4219 7669 6518 55 4565 9467 8060 6091 4863 
896 8491 9604 8199 3336 5281 4490 6423 8968 9179 7740 4919 9003 2451 6526 7959 8473 922 1435 8730 2078 6689 7131 5796 2343 680 6313 9515 2220 9774 1327 6448 2097 2610 2937 2996 821 55 3384 8762 5052 3774 6069 1472 7073 1220 8263 545 6731 3277 78 4946 5283 6158 9046 8378 6106 7387 3548 9269 9314 4219 4324 3729 3433 3180 622 6640 7962 4979 3316 3829 7337 5631 9211 8060 9470 7423 
1536 8619 982 774 6919 3336 4107 5772 857 3757 4368 1646 8084 1173 6423 1220 8730 1564 2333 5281 1570 8611 5796 2566 4646 9003 7338 9515 4909 1454 2097 9909 4919 3384 8762 6203 700 3637 4673 1562 68 453 8263 9288 9802 183 7628 1634 4124 8885 297 6869 9046 1252 6106 9179 6236 8378 8929 9314 2787 3812 2166 7016 4804 5226 2027 3180 877 1670 116 5630 9078 4201 1022 7423 
43 2436 3336 8060 4565 1163 14 9179 4919 8850 8084 6916 4124 2333 1182 545 8811 8358 3623 2993 6313 9515 9260 6319 6448 561 8499 3637 5027 8649 9972 6203 700 9546 7523 1472 835 4804 8263 6451 3914 6731 9934 2027 1872 2131 9813 9003 1495 857 6106 7387 4701 1634 2787 1252 9829 6759 9448 7740 1767 2028 3956 3829 6518 4201 3729 1657 6652 4733 4863 
2560 1536 8619 3336 428 5642 4034 4881 4463 1173 8984 1339 8730 5167 1564 1646 1182 1392 7387 5796 3623 7337 9515 2220 1327 4400 2097 4150 4919 8394 5562 8507 5052 9802 1472 6722 835 4935 969 3914 6092 7747 6869 9003 8279 4964 6106 5339 8378 8414 5215 8929 9314 6203 4324 7016 9577 8044 8557 622 3261 6640 9690 545 2553 1022 4565 
4224 2560 4740 5590 6215 522 651 3344 3729 1646 6165 8984 1339 8730 9115 4764 2333 1182 2847 4646 6567 7338 9515 9260 2605 5167 6203 969 8499 2996 9909 4919 3384 9972 8507 7740 3914 1562 7622 4935 9032 8649 6858 55 1634 9934 7423 2131 6869 4182 1252 6106 7387 4701 8414 9314 2787 4324 7271 9577 7532 8557 5742 7741 5459 3956 501 6518 4863 6037 
