500
9346 8420 5446 8166 3111 6413 2414 8112 8722 4019 6804 2136 1055 
5705 8202 3275 2351 3536 4019 1881 3902 
7617 4738 3536 4019 4958 1881 2672 2365 3646 
6881 6409 3338 3275 2365 8112 6706 7732 6804 6613 1881 1850 6331 9245 
9122 8005 7430 9031 6698 797 3536 113 3646 2365 7422 1557 
133 8166 3816 6409 4554 7660 3536 5489 6390 9245 1535 
9122 4554 8687 2672 4019 8021 3770 4298 1055 
2672 7074 7430 6698 3536 6706 6613 5758 6808 2205 3646 
8032 2672 7429 7430 105 6698 2240 3536 4019 183 1881 4314 4298 
4545 7430 4554 6381 9245 3536 113 8722 8431 6808 2650 9903 2365 
5155 9138 4901 7660 4018 4526 2672 6706 4019 1781 1881 1055 
7024 3011 4662 2121 2672 6804 5686 9129 1881 3902 
7617 7430 3816 3026 1871 3536 6706 4019 9337 2365 
3011 3273 2028 1134 2351 8369 1876 6328 1881 4314 5391 1055 
2208 2672 5752 4298 9421 3536 9265 882 952 4340 4918 2121 6808 605 1343 
7430 9031 4554 9565 3536 6706 952 1881 2365 3902 
2672 8112 4554 3536 5489 4995 4662 7416 1055 
7430 9545 4554 9421 2672 3026 1299 5686 3770 4988 5322 
4554 2672 6930 4019 6804 9139 8219 4060 4298 
2208 2054 2121 4554 4624 6706 4019 4340 6613 6808 3770 7422 1055 
2480 6242 259 9028 4298 9245 3536 4019 148 1881 2205 670 
8420 7430 9545 7660 5917 6613 4662 88 1881 3770 2205 7422 
9346 8166 3816 6409 2672 113 4311 3902 1055 
8032 2208 3650 8166 2240 4738 5677 8528 1881 2365 1055 
8166 7430 4298 5227 9421 5686 6808 9245 6053 
2208 9633 7430 8841 4554 3536 6706 6804 8470 1881 412 
2208 2672 9346 4326 7430 3816 9710 3536 9842 7219 6808 9659 
4738 8166 7430 5639 7880 3273 4554 2412 3074 2672 1781 6808 4988 
2672 8112 4230 7379 6547 1554 3536 3026 3011 1881 6331 9245 
133 8166 4554 3184 4019 4918 1881 3770 7422 
9640 8005 7430 3816 9545 4298 7120 113 1534 1881 605 6302 1055 
2160 7074 8166 9825 4554 141 3536 2672 5962 7422 9008 
2208 7430 3273 3536 1557 1881 8219 2365 5758 1055 
3936 48 7430 9633 2121 7660 2349 2672 4019 6804 3543 88 1881 
2672 4738 7430 4298 9421 2160 3770 6236 1567 
1668 8166 7430 647 3816 4457 4749 3536 113 4340 8920 1881 2365 
1058 3011 2054 9031 5227 2672 3026 7379 4662 5817 7992 1881 
9376 8166 3816 6698 6635 4019 3478 7607 3064 1881 3770 
3650 8166 2760 3273 7660 6706 1881 8219 2365 780 
4545 3622 3338 4305 6739 1625 1881 3132 9245 7422 
7074 742 7430 3111 2057 4554 7660 6381 3536 4151 1881 
5216 2672 4738 5155 8166 6465 5677 3536 9265 6706 3770 7422 
6242 8722 7430 3273 3026 3536 6706 5780 6101 3770 2365 
9023 9028 205 1134 8112 8369 3026 4019 6328 8219 1055 
2160 5155 8406 7430 577 2346 9565 3536 6706 3478 2365 7422 1055 
8032 8406 4230 4457 4554 3536 9874 4918 7575 3770 2365 7422 
6881 7430 9031 4554 9245 3536 4019 6808 5307 4298 7422 
2208 4545 4995 6698 7948 5677 5646 2365 113 1881 4554 
2240 4738 5155 6054 8166 3273 76 6413 9421 1781 8470 9565 1881 9245 1055 
9346 1638 9031 3816 6698 7660 9198 8112 4340 5686 8219 
2054 8166 9545 2672 7422 1881 8219 1125 3902 5247 
4995 8166 7430 6409 3338 780 2672 6706 9492 6101 2422 2365 5247 
577 8418 3011 9129 6698 6082 6706 4019 4985 1881 3067 3132 2365 
2208 8166 4554 1675 9421 3101 3536 2929 2837 6063 2205 1055 
2672 7430 8722 3536 6706 3770 6267 2365 1055 
2672 8166 7430 48 6698 4391 3783 3536 8528 4554 
7617 7430 3816 3273 3536 3026 2672 2781 7422 6687 
2672 4545 3536 882 2900 4662 8248 1881 8219 2365 
2240 3184 7933 4554 6063 3536 9874 5044 1881 3338 6140 9245 1055 
9122 8219 5639 4554 780 6808 2643 4340 6328 1881 5787 2365 5247 
2208 5643 8166 3816 2121 5227 3026 2870 6328 1625 7422 1055 
2480 1058 7430 3753 4554 5227 5548 7791 2672 951 1881 4527 8202 1055 
2054 3816 4298 6706 2672 2002 4918 6808 2365 1534 
7430 7783 3275 9421 3536 5489 4340 6808 1881 1565 
6242 7430 6216 4298 1528 3026 4019 2900 6328 2365 7422 
2672 9028 4662 7430 4554 3536 4918 1625 697 4925 
6390 9031 3816 4882 5808 4018 6804 3478 1565 7422 
3011 7430 3816 2672 6808 6328 2365 3902 6216 
2208 7617 7430 4554 3536 8202 3478 2365 1535 
1042 8134 8166 4554 5677 2365 8465 3026 1299 2349 5686 6328 6063 6140 605 
2 6534 2054 8166 3273 4882 2672 2002 4531 3316 7414 1881 6778 1972 
7074 8166 7430 4554 9421 7470 6063 3536 7762 7864 
7430 337 4554 7950 2672 8369 2136 1881 9245 
4995 9286 7430 3273 3338 9421 4305 9492 8406 4457 3770 
2208 229 7053 8202 4588 8498 6767 9874 9492 1625 797 3902 
8032 7617 5155 9990 7430 3536 4019 6328 2672 1055 
48 9825 3816 4554 3981 2365 8112 5686 5339 4298 
2208 7074 4554 9138 3536 6706 8021 3770 1055 
7617 8488 6187 9421 3536 4019 2837 1881 3770 3902 
2672 9028 7430 48 3536 8219 7422 1055 
2672 581 7430 4554 6063 3536 4019 6101 1496 7422 1055 
7430 8166 4554 2365 5458 3478 4037 605 7422 1055 
7430 3338 3536 1881 3770 9245 7422 1055 
5283 8166 5227 9198 8112 113 7413 1881 2365 1055 
5216 7617 3111 4554 1714 3536 6706 4019 6292 3830 1784 2672 4314 1343 1055 
8832 8166 7430 6029 3816 3597 7438 2365 3536 2900 1534 6804 9903 3101 7422 9215 
8166 7430 113 3026 2837 4662 1881 2365 1055 
2160 4230 6613 8491 3536 113 6706 3646 5686 6808 2672 6778 412 7422 5909 
2672 9028 8166 7430 4554 3275 3536 214 9764 
8112 3011 9669 4359 6698 2155 7660 3536 6706 3478 1881 
6048 577 4738 8293 7430 3752 8202 6413 9198 113 6613 7029 1881 7422 5247 
9968 9028 3830 9609 6547 605 3536 2097 7762 5523 4662 1881 2365 3902 1055 
2672 8112 9028 7430 3757 9198 3536 9245 7422 1055 
2464 7617 3106 3011 7430 3816 4527 2672 4019 1881 9565 
5283 8166 7430 3111 4457 4554 4765 8112 3478 2365 7422 9669 
48 8166 9031 3816 4554 7660 3536 113 6613 7736 9404 5322 
8032 2208 7074 9764 6528 7617 4457 9710 3536 3026 4545 
2208 2672 8112 6381 3536 8116 1781 5752 3316 6101 6495 2365 3646 1055 
2160 583 233 843 3536 113 3026 6390 2672 3770 2365 7422 
48 5155 9028 1238 5639 4554 8112 113 3478 1881 9633 
2672 4738 4995 7430 6698 683 7074 3536 2136 9979 4554 
2672 1105 6409 4554 9421 9245 3536 113 3026 6101 6327 7481 605 
2208 7074 5219 105 3338 9710 8687 3536 9492 1881 4527 9245 
3584 3011 9028 8420 4554 6930 1299 1881 3338 1535 
3584 2160 7430 8166 7783 4554 8491 9198 3536 1125 2365 2085 
3011 8166 3816 4882 3752 1714 1881 2365 1055 
2240 7430 8166 4554 813 3536 5862 1781 3478 605 7422 
4034 3011 740 6409 4554 7709 3536 9265 2121 1881 9245 1055 
2672 8112 5283 7430 9007 3536 3011 1781 6296 1881 
2160 8112 1380 8166 7430 5386 141 3536 1105 1881 7120 1055 
2672 3269 8166 4545 4457 6063 2160 6706 1781 3770 2365 7413 
2672 9731 4326 3622 4554 7791 3536 6930 4019 8528 3770 367 6044 
8528 9122 3011 8166 7430 9031 683 5548 5869 3536 9990 1881 2781 4230 
6242 9286 4554 450 2205 3536 5523 2900 3902 8470 2003 4298 7422 
2672 4738 9028 8166 5639 4168 3536 6226 1881 732 2365 
2208 4545 7074 1956 7430 9197 8112 9265 6706 6808 1881 
2672 8420 3273 5548 2351 3536 2673 4882 5783 6328 1055 
48 5155 7430 5801 3536 9265 4019 3478 4763 7422 1055 
2208 2160 7430 48 4298 7933 3536 2900 7413 3770 2365 
6048 7652 7430 4554 2672 4019 2900 5686 6328 5821 1055 
2672 4738 7430 3816 2121 3536 691 5044 8470 1881 
7617 7074 2672 5489 3026 4019 1881 2365 7422 
2672 8166 4554 3536 1105 535 3770 2365 1055 
4738 3273 7470 4882 5646 1110 1881 3770 2365 1343 
9028 8166 3338 8112 113 6258 6547 1668 3770 8219 2365 
2672 8420 7430 9031 6409 3536 1585 1204 1238 9609 8219 2365 
2160 3074 7430 4545 4298 3536 7379 4662 9825 6808 2672 4377 3101 8528 8345 
5283 2054 4588 8490 2699 7660 8237 4177 6613 1110 5175 1881 
8032 2672 8166 2208 3536 2900 6328 8528 6687 412 7422 1055 
2208 48 2085 4230 6001 2672 113 3478 1881 3770 
9825 4738 1380 4662 8166 5639 4457 6698 5677 7992 3536 4664 7430 3478 5752 
2128 5339 8166 7430 4554 238 5917 2672 7637 8219 5758 3902 8293 
8032 4738 8043 6409 4554 5227 3536 2900 6808 5748 6938 605 1055 
8166 6409 4554 9245 2205 48 6808 1881 4298 
4580 7430 8488 4457 9421 8112 7864 4019 2900 6808 1881 412 5757 1343 
2160 8579 4662 8166 6698 7948 3536 6706 7956 8021 3478 3646 
7617 8166 9609 6698 2205 3536 113 6706 4019 6672 6390 2672 9007 3101 
6881 9122 9028 4805 9031 6698 2413 3536 7379 4151 6808 3770 5339 2365 7422 1055 
2160 8166 3816 4554 6029 3536 5523 7413 7736 2672 3902 
5155 2085 7430 3816 4554 2365 8112 6804 7413 4664 4298 
6465 3011 2870 1670 3273 4554 3468 4018 5677 6706 2900 4662 9609 6808 6804 1343 8125 1535 
7617 7074 7430 48 3536 6613 6328 3770 7422 
8032 2672 8112 8166 4554 3536 2327 3770 9930 
3842 3011 8420 4230 4305 2130 755 6804 8219 7422 
4995 9028 2412 9245 113 6804 3478 1881 732 2365 7422 
8134 9764 8166 7430 3338 2028 2672 1781 6808 9245 7422 1055 
9265 6409 6765 5677 5112 6930 6804 5686 6808 1881 3770 2365 7422 
9825 7430 3752 4554 1565 8528 2002 3646 5848 1881 4527 2365 7422 
7299 4305 8237 5808 6808 6706 6328 1881 9245 
3936 2672 8166 3536 6930 4019 2205 3646 1055 
8257 1380 3273 4554 2672 4018 4019 1881 3902 
5216 2160 9346 5155 4966 7430 5227 4749 3536 2900 5175 2205 1055 
2672 7074 8166 7430 3026 3536 6706 477 
2208 4326 7430 5227 9421 3215 2160 2002 1881 2365 1055 
2672 9028 8166 6881 2121 9579 3536 3827 214 4985 6808 2003 9245 3902 
2672 7413 7430 5639 9640 4554 9198 3536 9265 4545 6101 2365 7422 9215 
6242 7430 9609 3371 9245 3536 6706 4019 6804 1353 2365 
6881 3067 4391 6698 7660 6063 5880 1881 3338 5787 2365 1055 
3816 6698 3536 3026 4019 3902 6808 4377 3770 5307 477 7422 
4554 2672 4305 4019 6804 1881 3338 3101 5247 
7617 7074 2121 4298 3275 6706 5686 1881 4362 4554 2847 
1058 8166 9191 4554 2365 2672 4298 3770 2205 7422 
2672 912 2182 8166 3111 4554 9421 6063 3536 4662 2365 1055 
2672 5155 9028 4545 6409 2160 3902 6328 2365 3646 6687 
4289 5155 8005 8166 2857 6698 797 5808 9129 9635 6804 6101 5783 1881 3338 
9825 6409 4554 2160 113 6706 6292 3273 6808 2365 3902 1055 
7617 3011 7240 3753 6698 2155 7948 7933 3536 9265 1781 1881 2672 3067 2365 
7617 7074 5219 9031 4554 4242 4527 48 6706 1881 2365 
2672 8420 2085 3111 6698 9421 3536 2900 1238 6808 1881 2365 1055 
2672 7430 4554 7470 3536 8021 8599 6140 2365 1055 
8032 9825 8166 7430 4664 2128 3275 2672 1496 6808 2365 7422 1055 
7617 4738 8293 7430 9825 3816 9874 3536 6744 3026 6808 1625 
4545 7074 7933 7470 9565 2672 8369 6808 1565 3902 
7074 3622 3026 3536 113 6706 7413 2365 3646 9138 
2240 7074 7430 8166 9031 4554 8470 6328 5787 4298 1534 
2208 7074 5155 4457 4298 6258 6095 6706 5686 1784 3770 732 3646 
9825 7430 1289 3536 7422 1881 3770 477 3902 1055 
4545 9346 7430 6141 2365 3536 6519 1881 2205 
9028 7430 4104 9609 5386 6539 7660 3536 6706 2643 4214 7416 2365 
2208 8166 7430 8488 8112 3026 2900 7413 4662 4765 7422 1055 
2672 1831 3816 4554 7660 3536 6808 5339 4298 7422 
3584 2160 7430 5639 7660 9421 205 3536 8470 2672 3770 2365 
2208 2672 8166 7430 4104 5801 6413 3536 2929 3602 2003 1979 2365 3902 
3011 8166 7430 205 7470 2672 3478 6808 1055 
3011 4341 8166 6216 2633 4554 205 3536 6804 8021 1881 1343 
7430 4664 4554 5677 2205 8112 2929 2002 3478 6328 6331 2365 7422 
8112 8293 7430 4554 2672 4305 5458 4019 4340 4985 1881 3101 1534 
1121 7430 8488 6409 7660 3536 4019 3902 1881 7422 
2054 8166 4554 843 1616 9492 697 88 1881 3338 
8032 8528 7430 9031 4554 3536 8628 2136 3770 2365 1055 
2672 8166 7430 577 9609 843 3536 1110 1881 2781 1055 
8528 9028 8166 7430 1299 7660 3536 3827 6804 1881 
2208 6672 8166 5639 9031 8112 6808 3478 6328 1881 2365 
4545 1058 7430 3816 4554 8488 1881 2365 7422 
2672 8112 2351 3536 6706 2900 9822 3478 7575 4985 9565 3646 6613 
8112 8166 7430 6216 2121 3536 3026 6808 1881 2365 
7617 7013 7430 3338 6413 2672 3316 1781 2136 1881 3902 1055 
2208 7617 9122 8166 3338 6547 205 4527 48 4019 4311 6808 605 7422 
2672 1238 6698 6767 3536 113 6930 4019 4286 3478 2136 7320 3646 
9122 8166 3816 4298 780 2672 6706 4019 3101 5247 
2672 4554 7629 2365 2160 2205 2837 7637 1881 8202 1055 
3011 3622 9031 6409 4842 238 3536 8369 3026 3273 1881 
2672 129 6409 7660 1616 4019 1271 6328 797 6495 
2672 7430 9031 9609 3630 3536 3026 4019 3478 1055 
2208 2672 7074 9028 9031 9609 6698 3536 8470 88 1881 1055 
2672 8166 4554 5548 3536 1046 1847 1881 
8032 2208 4738 4805 7430 2128 9139 1781 3770 605 1055 
8219 8166 7430 4230 4749 6063 2672 4286 3478 5787 7422 
2208 3622 9129 4554 1042 113 6930 3902 4314 6683 2346 7422 1055 
7617 8166 6698 3275 9421 3536 113 4019 8116 9301 2486 2672 2365 
2672 9122 7430 3816 7470 3536 4019 732 7422 
6242 4901 7430 4554 2155 1966 2672 2136 1565 3902 1055 
8257 6369 3816 4298 5227 5391 2672 2900 4918 1881 
2672 6242 3011 9764 6409 9710 3536 2130 2365 1055 
4738 8166 7430 4554 8112 6258 8005 6808 732 9245 1055 
7617 8420 8134 3816 3275 9421 1871 3144 6804 8021 3646 1055 
9028 8166 3536 5492 1781 1881 9979 9245 3646 1055 
8032 6369 4418 5639 7783 2672 6258 2643 5112 1881 1979 2365 3902 1055 
8112 4418 7430 5227 2672 2002 6804 4311 1881 447 1055 
8032 2672 8166 7430 9543 2615 3536 2136 1781 6967 6808 2365 
2208 2672 8166 7430 2986 238 3536 4664 3026 6328 8528 1414 
352 9028 4662 7430 4882 7470 9968 6930 4019 3478 7422 
2208 2672 7430 48 3144 5962 2288 2160 113 1881 6778 6140 1055 
9376 2160 3011 9031 9609 4298 3536 3032 6706 1081 1881 5880 2672 
8166 7629 9245 3536 4019 1881 5391 2205 7422 1055 
7617 8130 9028 8069 1299 5227 3536 113 4019 5780 2870 697 1881 4311 1055 
8032 1380 7430 6698 3275 3536 6804 4298 2365 1055 
2672 7074 7652 2774 7430 4199 4554 7791 3536 9265 9138 5044 4918 7545 3012 
2208 7660 9198 3536 4019 2900 3646 214 1881 7422 
2240 2672 7660 6029 3101 2160 6706 5523 1881 8794 2365 3902 1055 
7430 3026 3536 6706 6547 6328 1881 2365 7422 5471 
2672 8005 7430 7240 3273 9710 3536 113 8179 9301 1881 8858 2365 8671 
2128 7430 3816 9421 7438 367 3536 1881 7709 2365 3902 5247 
2672 7430 6409 4554 9198 3536 105 4110 2121 88 2365 7422 1055 
7074 3816 4554 4738 6063 3026 9245 1055 
2672 7430 5808 2365 3536 5677 247 6808 8219 3101 3902 
6804 7299 2054 8257 3338 9421 3536 2002 5219 2900 6808 1881 
2672 1730 6409 4554 5227 3536 3026 3902 7422 
5155 7652 6053 4554 2672 3011 5780 6808 1881 3338 9245 7422 8293 
8528 1668 2054 8166 4457 4554 6635 8237 9710 3536 8179 8470 697 605 1535 
2672 1668 8293 9825 6216 7652 7791 3536 9842 4019 7422 1881 3770 9404 3902 
4554 3816 6698 9453 1565 3536 5715 1881 9135 2205 1055 
4738 4470 6409 7660 6095 8112 6706 3478 8219 2365 1343 
3521 7430 3783 3816 9545 205 2205 2672 2130 4314 3770 605 7422 
2160 8112 3536 4019 7267 4918 6519 1881 3770 6778 
7617 1058 5155 7652 8166 1585 6611 3536 113 3011 8112 732 605 5758 1055 
2672 7266 8166 3816 2569 5227 3215 3536 6706 2365 
1058 3752 4554 6539 9421 3536 4662 6328 1881 2365 1055 
9122 1668 7430 2054 4554 5553 7414 1881 2365 4805 
7617 742 3521 4554 2351 2611 6804 1881 3132 605 7422 
129 9028 3816 4554 7212 4909 3536 4728 6706 4918 2136 
7617 7430 2414 9565 2672 113 8722 4019 1881 3770 605 
2672 6053 7430 9198 3536 113 4805 6804 9245 1055 
9376 2672 7430 3816 4457 4554 3536 3064 1781 6808 5386 2365 
7074 8167 4554 6539 930 2205 3536 4286 3770 4298 7422 
2208 8166 7430 9609 2160 5686 6328 1881 7422 
4545 9028 583 3273 1774 7660 5646 9007 9874 6613 4662 6808 2365 1055 
8032 9764 7430 8166 5639 9483 2365 3536 145 3770 3101 7422 
2208 4545 8166 48 4457 4842 5677 2672 2643 4019 605 1055 
4326 8166 2121 4298 3101 3536 6706 4019 3478 5880 1625 4554 
3584 1668 8166 7430 1252 7660 9007 3536 3316 8470 1881 8219 2365 
8488 2569 4554 2672 4662 1881 8219 2365 3902 
4624 7074 7430 48 3026 6613 5686 6808 3770 2365 
930 8166 7430 4554 7660 3981 2643 6804 6101 3064 697 2365 1055 
2672 5155 3111 4554 9710 3536 3646 7575 1881 2365 7422 
2672 9031 6698 3543 9197 9245 3536 5489 4019 6295 6808 2351 4298 
8032 4545 8166 7430 9825 4554 3536 5523 3158 3352 
2480 4738 3816 4554 3536 3026 8021 2870 9245 7422 
9346 1110 7430 7074 5646 6765 7618 113 3026 4662 
6242 9028 2085 8166 221 113 6706 3770 2365 3646 
2054 6413 9198 3536 1714 9710 1881 3770 5339 3902 
2672 6178 9028 7430 4071 6409 4554 2160 4340 3113 5880 1881 3770 
3650 8420 3816 3338 7660 2365 113 2136 2205 7422 
7430 4554 9709 9565 3536 4019 6808 3770 9245 1055 
4738 8166 7240 412 4554 7085 6095 3536 6706 2900 5247 6236 2365 1055 
3530 2672 8112 2057 6698 3536 6930 9301 1881 3163 2365 1055 
2208 6881 7074 8644 4230 4554 8687 8112 113 6808 1881 7422 
9825 4738 133 8166 4554 2781 2672 2002 1881 5307 2365 
2208 2790 7430 5548 7950 6095 3536 113 4662 6328 3770 9244 221 1055 
48 3011 7430 8257 4168 4457 183 3536 3026 1046 2121 9245 8671 
7074 3011 7880 4298 7660 8920 6706 4340 7416 4554 
6242 9031 7880 4457 247 7439 3536 6808 3478 3113 6328 3770 1979 2365 1055 
7617 4966 7430 6698 3536 6706 7422 6808 6331 605 3646 1055 
4738 3011 4679 4457 450 9245 3536 4019 2900 1881 2365 7422 
8166 9160 4554 5227 7948 9245 3026 9301 6808 4298 1055 
9346 1110 6054 5227 6063 3536 4305 6930 214 8920 4985 797 5247 
2208 2672 4738 7430 4298 8418 5677 3536 3902 6071 1534 
7617 4738 7430 5227 9903 3536 113 4340 1625 2672 9245 
2208 1042 3011 4391 7949 2160 9874 4019 3902 1881 3101 7422 
6306 5155 8166 937 6698 7660 7470 3101 2672 3026 5044 1784 2365 1055 
2672 5155 7013 3111 9609 4554 3536 8021 6808 3770 2365 7422 1781 
2672 7120 8166 9031 2121 4400 3536 6706 3478 697 3770 7422 
4418 3011 7430 3111 7660 2672 6706 4311 1881 732 3646 
7617 8166 3273 4554 1565 2160 3064 4019 6613 6328 2136 2365 1534 
4545 3011 4230 8166 2365 3043 6804 7413 6808 1881 9245 
2672 3106 8166 7430 6409 6698 2160 113 1046 937 1881 8005 
2672 7430 6409 3690 2412 2365 3536 2643 1625 1881 605 3902 
6881 9028 2054 5639 3816 2057 3536 9492 4985 1881 2205 8528 
4230 8166 8716 9007 2672 6930 6804 1881 3902 1055 
2672 7074 48 6698 6635 9122 3536 5780 1534 4705 6808 7732 3101 7422 1055 
8420 7430 4554 9421 1881 3770 9930 1055 
7617 3111 2121 882 7470 3536 113 3026 6328 2672 2365 4286 5471 
6242 3478 5097 4554 5227 7791 4662 8219 6140 4298 
2672 3011 8166 7430 4545 3536 8021 6331 1781 
8032 8130 1110 9286 4554 2672 6258 6804 8278 3543 1881 9023 3101 5247 
2160 1058 3011 3816 9710 3536 9160 6804 183 1881 1055 
7617 5155 8406 7430 4588 5869 2672 4305 3011 9270 1881 2911 
5216 48 9122 740 4298 3468 2160 4019 6519 3770 9215 
2208 2672 8005 7430 7617 6409 4554 2160 4019 4377 1881 
7617 7430 2160 1850 7212 3536 4019 2672 3770 2365 
8032 7074 9028 6021 7430 2121 2672 4019 1881 5247 
2160 569 4554 7660 9421 3536 1881 2672 4314 3338 
7074 7430 8166 5639 4391 9198 3770 2365 1055 
2208 2160 4738 7430 8167 4298 3536 6292 2672 7422 
7200 7617 1252 3816 5227 3536 4882 1238 1881 605 3902 
3011 7430 583 4554 1714 6706 3427 4053 1271 2136 1881 3101 
2160 8112 4199 2121 4554 9421 4985 3536 6398 3961 6808 2672 7422 1055 
8112 259 8166 4457 9245 6029 2365 3536 3026 3830 7992 1881 2205 
7285 9159 3816 4554 4765 2672 6226 3646 1881 2365 7422 9215 
3902 4664 683 8495 8112 145 6706 4019 7422 6808 4985 8219 2205 1534 1055 
7430 5674 3275 5677 238 2365 2002 4019 6328 3770 3836 2205 7422 1055 
2480 4738 6178 7430 9031 3816 6381 3536 6808 6170 605 7074 
9346 6258 7430 4298 5458 7791 2672 113 6706 247 1881 
2208 9346 8420 2121 4527 3536 8369 6706 7413 5686 9565 6398 
9825 8166 3816 6698 7852 3478 1881 8202 3902 1535 
2672 9028 7430 8193 8202 9198 3536 4019 6804 6808 
577 7430 4554 4018 6063 9265 3026 1881 6140 9565 7422 1535 
8032 9346 3011 4805 8130 3273 9122 6095 6706 6808 605 7422 
2672 6242 4168 4554 7074 3536 4019 1557 8470 2365 7422 
4545 5639 6409 4527 2672 113 7762 4019 1972 3646 2121 84 3770 7422 6613 
8112 9346 5155 6053 8166 6409 4554 2672 2480 6534 1125 3646 6495 
7299 2054 5457 4554 6539 2672 6961 6834 1731 6804 4763 8284 605 
6881 7074 9443 3816 3273 3536 6808 6328 1881 2205 
2160 8166 3273 4554 2365 3536 4019 4298 7422 
7459 8166 9031 3816 9192 4019 3902 3478 8794 7422 1055 
8032 4738 6053 1454 5341 3536 6808 2837 4918 6328 1343 2365 1055 
8166 7 4554 3536 5457 3478 4298 3646 1055 
2672 7430 9825 3816 6409 4554 5548 2160 6706 8507 7422 
7617 4995 7430 1774 2351 2672 337 4377 1881 3067 
5216 6053 7430 5609 3536 6930 4019 1881 6170 1055 7422 1535 
2208 2672 4901 4554 3536 4242 7699 183 1881 9245 1055 
9825 6021 8166 3816 3338 4168 6706 4019 4664 1881 4765 1055 
2208 3936 4418 3011 9159 7660 7470 6141 2672 4018 4035 9198 2781 7422 
2160 9346 9825 4554 3536 2002 4019 2672 4298 
8832 5155 8420 3338 9874 2986 3026 4019 8470 1881 2365 3646 
3067 7430 9609 6413 7085 48 5458 2003 1881 5787 605 7422 1055 
9301 3011 9979 6216 9421 3536 6706 3902 5686 5247 7422 1055 
8032 4418 5155 8470 7430 7240 6698 1058 4662 6328 1881 9245 7422 1055 
7430 7783 4298 3536 2900 6328 1881 1850 7422 
2672 3275 3536 4305 4019 2900 4958 2136 3770 9245 3902 
2672 8166 7105 4554 2365 3536 3026 3770 3101 
3584 3011 3012 7430 8716 7660 9421 3536 9874 3830 4311 1881 1055 
7617 6881 5801 4554 5677 3536 1752 3026 3602 5175 6808 8345 3770 4298 7422 
9122 7430 8166 3783 4554 76 7266 145 3026 6808 8202 1055 
2208 2672 7074 8166 4554 7660 3536 1535 
4738 4995 4554 2672 4019 1881 2365 3902 
9825 9122 9028 8166 3521 7470 3536 2929 4340 3902 88 2205 7422 
3936 2672 8420 6881 4298 9565 3536 7575 7992 1881 3770 4586 
2672 5155 8005 7430 3536 4019 3827 3770 5307 2365 7422 1055 
7617 3783 4298 3026 5341 3536 6706 2672 412 4554 1055 
2160 6054 9990 5639 3816 3273 4554 8043 2365 3536 3026 4019 9688 3101 
7240 2160 5457 3816 3273 5869 3536 6328 4958 5686 6808 6778 2365 3902 
4554 656 7430 9609 8202 3536 3478 6808 6698 3646 
930 4391 4664 3273 4298 5646 3064 6706 9139 6328 3770 2643 7422 
2288 9346 9990 7430 4199 2121 4554 3536 8369 5783 1881 3163 3836 2365 
7617 8130 6021 8166 3273 4554 3758 3536 6258 3478 9545 88 2672 6938 2365 
3584 4545 9990 1831 4298 48 6706 6547 3902 4918 4311 4060 2365 7422 
8257 7074 259 9028 9404 3273 5227 7470 113 8722 4019 1383 1881 4988 
2208 4418 9573 5639 9609 6413 9421 5489 3026 851 9492 6808 2365 7422 1055 
8032 8579 9028 7430 3816 2412 4765 2672 7732 214 4507 2365 7422 
2208 4035 4104 3338 8843 2672 4305 9492 4662 1881 2365 
2160 7074 9640 4457 3536 113 4019 3316 2136 2672 3770 2365 
2672 4738 4027 9192 4554 7948 9421 3536 6706 7413 4151 1055 1535 
8032 7074 4326 7240 3273 930 3536 3478 4855 6328 2365 1055 
2208 4545 6053 3816 7660 9710 8112 6547 6804 1625 6687 1534 1055 
4545 6698 4554 2699 5391 113 6706 1881 3770 2365 
6048 8112 3650 48 3275 9346 5917 3536 2643 88 3770 2365 1343 
3011 145 3338 7660 2160 337 4018 1881 7422 5247 
2672 6778 48 4554 9421 605 3536 1585 2205 5175 8858 8202 
2240 6465 8043 3273 4554 5227 1932 6804 2900 1238 1881 3338 8284 2365 7422 
2208 2240 8166 7430 4554 5260 3536 113 3478 6044 
930 8166 7430 6216 5548 4554 7660 8112 4019 2365 8179 
7617 4738 7430 9265 2760 2121 4554 9421 3536 5489 6706 5064 5909 
8032 2240 9122 8166 780 2672 6706 3770 2205 1055 
2672 4738 7430 8166 4298 7629 3536 6706 
2240 6021 7430 3273 5677 5391 2672 113 3770 5787 2365 3902 
8032 2208 9192 2121 7762 4527 113 3026 1881 3770 7422 1055 
2672 7430 9129 4554 2205 3536 4664 6328 8202 1055 
7074 9028 4230 3144 4457 3338 7938 3536 4305 6547 1781 1881 7422 
352 3011 2121 4298 2672 6706 6804 1110 1881 4554 
2208 7430 3273 4554 6030 3536 6808 6101 4298 2365 1055 
7617 9122 8112 3012 8166 951 3536 9265 4019 8599 2672 4988 1565 
4545 8166 7430 4298 2672 1105 9492 1238 2365 7422 
2160 5155 6021 2121 2986 9138 3536 3026 7459 8470 1881 2672 3770 3902 
5283 2569 2672 113 3026 1046 6808 2365 3902 1055 
3936 8418 9031 5386 9710 797 2672 3320 3026 6804 6808 1881 2365 
8032 9028 4326 7430 4554 5391 48 1881 1055 
9346 4901 7430 9031 2672 8920 6706 4019 1781 535 6808 1055 
2672 4298 6413 3536 4882 4340 5686 6584 1625 3770 2205 1055 
7617 4966 7430 4545 4554 5548 6413 3536 6706 2672 2666 
7617 7430 4554 3536 4242 4019 183 6360 2672 3101 1055 
8032 2672 647 4554 3536 2161 4624 3478 4298 1055 
2672 5155 9028 8166 4545 4554 1774 4400 3536 6613 4311 6584 6140 2365 
8130 5445 8166 7430 3816 4662 1881 6938 7423 2205 3902 4805 
8227 5686 8166 4554 3536 3316 6613 3478 1625 3770 5307 2365 
2208 4545 5155 8166 7430 6698 3536 4019 5019 9245 4037 
3936 2160 7074 9299 4554 3536 3026 4019 4340 3770 7422 
7617 7430 6216 2121 7660 48 2002 755 6804 3894 1881 8219 2643 
2208 2672 4738 9404 8202 9122 3536 1528 6328 8284 2365 
7617 4738 1956 7013 9031 5064 4298 6178 3536 3026 4918 6808 1117 1055 
4545 3011 5862 2054 9825 5227 2412 2672 1831 8227 1781 1881 1534 
2672 8112 8166 7430 5639 3536 2929 3026 4662 9825 
4230 2057 5646 3536 113 3026 4019 3902 4457 2365 7422 
2672 7430 9031 2121 8491 6834 3536 6706 4019 84 6327 8528 3770 2365 
8032 9028 7430 2121 4554 1774 8431 2672 2232 6328 1881 
2672 8112 4230 8166 9421 7950 3536 6706 1271 6044 3646 
8032 2465 4418 8166 2414 2351 2672 2900 7422 6327 6328 3902 
129 1058 4230 2054 4457 4554 3536 6706 4019 2900 6672 7481 1881 6236 925 
8166 7430 5639 6063 113 6706 3902 8671 697 1881 7791 5758 7422 8005 
8166 4554 5772 3026 3536 6706 4019 6613 4662 1055 
5155 8166 4391 3273 8369 3602 4019 2900 1881 9245 1055 
2672 4738 9990 6216 3273 5869 797 3536 9265 4728 937 2136 1881 6331 9245 1535 
9825 7074 9028 8134 1638 3816 2121 882 2672 6706 1881 3836 
2672 8130 740 3051 3536 3026 6328 1881 3902 
2160 8193 9990 4705 8488 3273 2155 3536 6739 1110 1881 2672 8219 9245 
48 9764 1125 7430 3536 1668 4019 4918 2136 1881 1375 2205 1535 
4738 5639 3816 4554 3536 7379 3902 8470 4298 7422 
1750 9031 6409 4554 935 3026 8239 3536 2002 7699 3478 6808 4298 7422 
3011 5705 3607 2672 2002 8021 1271 5112 1881 2365 3902 
6672 7074 7430 4554 9421 2672 7153 3316 1881 3963 2365 
2208 2672 9825 4457 4554 6767 3536 4400 4019 8470 4151 4728 3770 7422 
7617 7074 4901 4545 3816 2057 4554 6413 4527 113 205 6808 9404 1055 
2672 7299 8420 8005 3752 4457 3338 3536 3830 5283 6613 5339 5787 797 
6528 6404 6030 9031 2121 8490 7883 3758 4305 9874 4019 4958 2934 1881 3132 5898 7422 
1121 420 8166 7430 780 6258 4053 1046 6808 1881 3770 2365 7413 
2208 4545 9122 8166 4554 6095 3536 6706 9301 4765 7422 
1238 2672 9346 4662 9825 4554 3536 6706 3478 
2208 9028 8166 4554 8112 3026 2365 3902 
5155 7430 583 7660 5646 2672 5686 6328 3675 1055 
9635 9028 4554 9198 8369 1881 3770 3338 7422 
2208 7430 9031 3273 3536 1881 8219 3836 7422 1055 
7074 7267 8166 259 4298 1675 48 4019 8219 7422 
7617 3011 1110 577 3816 2160 4554 8716 3536 214 3163 3338 
7074 9421 2672 8881 4019 1881 3770 3902 
2672 4805 4554 9138 3536 2130 7422 1881 3902 
8166 3816 3275 6765 3536 6706 4019 5909 6808 2365 1055 
2208 2160 6242 1731 8166 4457 4554 3536 6706 1942 6328 
1238 8528 1058 4662 7430 4527 2672 4019 5686 755 8219 2365 1055 
2672 577 925 9565 3536 9265 6613 3478 6808 1881 6778 5787 9404 2365 7422 5247 
7074 8166 4298 6413 2672 3026 214 1979 7422 1055 
3011 1238 7430 2672 5848 7762 6547 5307 4918 4855 6808 1881 3770 6331 3101 3163 
8193 3011 8166 7430 2349 3536 1881 3770 2365 
8032 577 9028 8166 4554 3536 3902 9764 7422 
4418 3011 1125 2054 3816 3026 3101 2672 8722 6706 8179 8116 2365 
2630 4554 5677 9245 3536 4728 1881 3770 2365 3902 6495 
2208 9346 5155 5543 3816 6698 7933 113 6706 8021 6808 569 5339 2365 1567 
1238 7617 7430 8166 4554 3536 4286 4662 2672 1850 7422 
8032 2672 4966 3816 9197 3536 3026 4019 5044 7736 7422 
3120 583 5322 6413 141 3536 113 3026 6804 1881 1055 7422 1535 
2240 3936 3012 2054 3273 4554 6030 3536 4242 1975 1881 3338 
4545 1058 3011 7430 9710 6804 8920 1881 4988 3101 3902 
2160 9191 3816 4554 2365 3536 4918 6331 4298 7422 
8112 8166 4554 5227 9138 3536 3026 3316 4340 2365 7422 
9346 8369 3536 113 3478 3770 2365 7422 
8032 5064 4554 5227 4527 3536 3478 3770 5019 1055 
4545 1668 8166 4554 9710 4765 2160 113 4019 6808 5386 4298 
8032 3106 4901 5677 3536 9265 3026 6804 3478 6808 3770 605 8671 
4545 4995 8166 7430 6881 4554 4526 3536 3770 
2672 5808 1956 8134 2054 6920 3536 6328 1881 1616 1055 
8032 577 3011 6881 7948 3338 7660 2672 6706 8227 9245 
6242 4554 7660 48 4918 1881 3770 5307 
8032 9825 7430 3816 3530 7949 3536 6672 1881 1850 2365 
8112 8418 3011 9192 3273 7660 8125 2672 1881 2365 1055 
2672 5155 4230 8166 48 6029 5227 6413 5677 3536 6706 8406 9245 9138 
8832 2672 3106 3011 5412 4230 129 9129 3536 4018 1881 3902 
7617 8005 7430 8193 3184 4554 9710 2365 3536 6706 84 6063 605 7422 6021 
2672 5446 9990 9031 3816 2666 7660 9903 3536 2929 1881 3132 2365 8005 
8032 2672 3067 6698 3536 6328 5787 4554 7422 
3273 5175 5548 9245 3536 4340 7422 697 1881 3770 2365 3902 
4545 9187 7120 6216 2672 6706 2136 1881 3770 2365 3902 
2208 2672 4418 8166 6698 3536 4019 9270 6328 4985 2365 1055 
8166 4298 6706 6808 3770 8219 605 3646 
2160 5328 1220 2054 8166 3111 6698 7660 3536 1881 1252 
447 2672 2781 4298 4909 3101 3536 5880 3026 4019 1557 5752 205 2365 3902 1535 
9346 5155 8166 7430 5772 3536 5457 3770 1343 7422 1055 
740 7430 3273 4558 3536 1881 8920 9028 8219 5247 
9301 4545 6053 4230 3816 7470 4019 6292 6613 1881 2365 3902 1535 
2208 8227 8166 8202 6635 9421 3536 3602 3902 1881 7806 7422 
1731 9028 8005 4554 7470 9245 8528 3902 6808 1881 2365 7422 
3011 4662 4554 7660 2672 8369 4242 7029 5686 2666 8125 
2672 8420 6053 2054 8488 3338 4588 9421 3536 2003 3543 
2672 9028 1383 4554 9245 3536 6706 6808 79 2365 1055 
7074 6053 7430 6409 780 9421 3536 6706 3352 3770 6978 7422 
129 9031 3816 4554 7470 4019 8920 1881 5043 3902 
1380 8166 9031 6698 5227 6258 3536 3026 6613 3770 6331 4554 5758 
7617 6242 7430 8166 6409 4554 9245 8112 6778 2365 
2672 5155 4805 7430 6881 1134 605 3536 4728 6706 2085 6808 2365 1534 1055 
8032 4545 9421 6706 4340 3902 4918 1850 9245 7422 
9545 9764 2437 4326 3816 4457 4298 3275 2351 48 3543 1881 7422 1055 
3816 7660 2351 2672 113 4985 1881 1343 605 7422 6687 
